Sample	0	1	10
2mo-WT-10F	18600	13277	8527
2mo-WT-11F	18728	13317	8554
2mo-WT-6F	18690	13080	8318
2mo-WT-7F	18973	13751	8426
2mo-WT-8F	18350	13707	8602
2mo-WT-9F	19403	13842	8667
2mo-WT-1M	19169	13451	8521
2mo-WT-2M	19214	13418	8570
2mo-WT-3M	19142	13520	8602
2mo-WT-4M	19187	13754	8561
2mo-WT-5M	19338	13858	8576
2mo-Het-3F	18627	13250	8634
2mo-Het-4F	18572	13193	8571
2mo-Het-5F	18764	13628	8618
2mo-Het-6F	17939	13905	8661
2mo-Het-10M	19310	14025	8670
2mo-Het-1M	18159	13035	8542
2mo-Het-2M	18810	13150	8490
2mo-Het-7M	18725	13350	8630
2mo-Het-9M	19188	13908	8796
2mo-KO-4F	18405	13146	8397
2mo-KO-5F	18704	13170	8390
2mo-KO-6F	18140	13063	8522
2mo-KO-7F	19484	13614	7677
2mo-KO-8F	18905	13418	7725
2mo-KO-10M	18777	13336	8557
2mo-KO-11M	18518	13294	8549
2mo-KO-12M	18511	13196	8557
2mo-KO-13M	18637	13597	8596
2mo-KO-2M	17969	13284	8124
2mo-KO-9M	18698	13063	8455
1yr-WT-2F	18837	13516	8618
1yr-WT-3F	18759	13611	8435
1yr-WT-4F	18320	13271	8422
1yr-WT-5F	17838	13275	8396
1yr-WT-6F	18373	13116	8563
1yr-WT-7F	17454	13004	8493
1yr-WT-8F	17647	13012	8512
1yr-WT-10M	16181	12722	8188
1yr-WT-11M	16694	12724	8137
1yr-WT-9M	16707	12853	8271
1yr-Het-1F	18265	13247	7959
1yr-Het-5F	18488	13531	8631
1yr-Het-6F	17443	13496	8642
1yr-Het-7F	18507	13344	8404
1yr-Het-8F	17137	13246	8248
1yr-Het-9F	18756	13322	8412
1yr-Het-11M	18552	13227	8586
1yr-Het-12M	18300	13100	8491
1yr-Het-14M	17538	13275	8388
1yr-Het-2M	18000	12977	8395
1yr-Het-4M	17909	12986	8473
1yr-KO-11F	18181	13457	8217
1yr-KO-1F	18168	13281	8390
1yr-KO-2F	18190	13341	8546
1yr-KO-3F	18340	13241	8546
1yr-KO-8F	18321	13492	8584
1yr-KO-9F	18168	13453	8581
1yr-KO-13M	18170	12917	8370
1yr-KO-14M	18519	13183	8439
1yr-KO-15M	17823	13163	8349
1yr-KO-16M	18132	12968	8334
1yr-KO-6M	18446	13083	8267
1yr-KO-7M	18466	12984	8257
2yr-WT-1F	19026	13371	8475
2yr-WT-2F	19573	13303	8628
2yr-WT-3F	19236	13416	8602
2yr-WT-5F	19034	13213	8465
2yr-WT-6F	18655	13078	8449
2yr-WT-7F	19145	13642	8580
2yr-WT-8F	18382	13180	8363
2yr-WT-10M	18960	13427	8554
2yr-WT-4M	19405	13023	8432
2yr-WT-9M	18730	13270	8521
2yr-Het-2F	18888	13213	8582
2yr-Het-6F	18735	13006	8456
2yr-Het-7F	18521	13263	8483
2yr-Het-8F	18632	13454	8613
2yr-Het-1M	19162	13129	8572
2yr-Het-3M	18968	13074	8578
2yr-Het-4M	18792	13298	8512
2yr-Het-5M	18855	13023	8400
2yr-KO-4F	18766	13234	8510
2yr-KO-7F	19028	13144	8308
2yr-KO-8F	18354	13142	8445
2yr-KO-9F	18968	13208	8309
2yr-KO-10M	18898	13090	8343
2yr-KO-11M	18231	12564	8160
2yr-KO-12M	18445	13111	8493
2yr-KO-1M	18708	13042	8320
2yr-KO-2M	18914	13281	8470
2yr-KO-3M	19100	13345	8544
2yr-KO-6M	18805	13316	8470
