Pair	2mo-WT-10F	2mo-WT-11F	2mo-WT-6F	2mo-WT-7F	2mo-WT-8F	2mo-WT-9F	2mo-WT-1M	2mo-WT-2M	2mo-WT-3M	2mo-WT-4M	2mo-WT-5M	2mo-Het-3F	2mo-Het-4F	2mo-Het-5F	2mo-Het-6F	2mo-Het-10M	2mo-Het-1M	2mo-Het-2M	2mo-Het-7M	2mo-Het-9M	2mo-KO-4F	2mo-KO-5F	2mo-KO-6F	2mo-KO-7F	2mo-KO-8F	2mo-KO-10M	2mo-KO-11M	2mo-KO-12M	2mo-KO-13M	2mo-KO-2M	2mo-KO-9M	1yr-WT-2F	1yr-WT-3F	1yr-WT-4F	1yr-WT-5F	1yr-WT-6F	1yr-WT-7F	1yr-WT-8F	1yr-WT-10M	1yr-WT-11M	1yr-WT-9M	1yr-Het-1F	1yr-Het-5F	1yr-Het-6F	1yr-Het-7F	1yr-Het-8F	1yr-Het-9F	1yr-Het-11M	1yr-Het-12M	1yr-Het-14M	1yr-Het-2M	1yr-Het-4M	1yr-KO-11F	1yr-KO-1F	1yr-KO-2F	1yr-KO-3F	1yr-KO-8F	1yr-KO-9F	1yr-KO-13M	1yr-KO-14M	1yr-KO-15M	1yr-KO-16M	1yr-KO-6M	1yr-KO-7M	2yr-WT-1F	2yr-WT-2F	2yr-WT-3F	2yr-WT-5F	2yr-WT-6F	2yr-WT-7F	2yr-WT-8F	2yr-WT-10M	2yr-WT-4M	2yr-WT-9M	2yr-Het-2F	2yr-Het-6F	2yr-Het-7F	2yr-Het-8F	2yr-Het-1M	2yr-Het-3M	2yr-Het-4M	2yr-Het-5M	2yr-KO-4F	2yr-KO-7F	2yr-KO-8F	2yr-KO-9F	2yr-KO-10M	2yr-KO-11M	2yr-KO-12M	2yr-KO-1M	2yr-KO-2M	2yr-KO-3M	2yr-KO-6M
2mo-WT-10F	100	87.39	87.39	85.59	87.39	87.39	85.59	87.39	99.88	87.39	87.39	87.39	87.39	99.88	99.88	85.59	87.39	87.39	87.39	87.39	99.88	99.88	87.39	99.88	85.59	87.39	87.39	87.39	87.39	74.91	87.39	87.39	87.39	87.39	87.39	87.39	87.39	99.88	99.88	99.88	87.39	87.39	87.39	87.39	85.59	87.39	99.88	87.39	87.39	99.86	87.39	87.39	74.91	87.39	87.39	87.39	87.39	87.39	87.39	87.39	87.39	87.39	85.59	87.39	87.39	85.59	87.39	87.39	87.39	99.88	87.39	87.39	87.39	87.39	87.39	74.91	87.39	87.39	87.39	87.39	74.91	87.39	87.39	87.39	74.91	87.39	74.91	87.39	87.39	87.39	87.39	85.59	87.39
2mo-WT-11F	99.86	100	99.86	99.83	99.86	99.86	99.83	99.86	99.86	99.86	99.86	99.86	99.86	99.86	99.86	99.83	99.86	99.86	99.86	99.86	99.86	99.86	99.86	99.86	99.83	99.86	99.86	99.86	99.86	71.33	99.86	99.86	99.86	99.86	99.86	99.86	99.86	99.86	99.86	99.86	99.86	99.83	99.86	99.86	99.83	99.86	99.86	99.86	99.83	99.83	99.86	99.86	99.86	99.86	99.86	99.86	99.86	99.86	99.86	85.59	99.86	99.86	99.83	99.86	99.86	99.8	99.86	99.86	99.86	99.86	99.86	99.86	99.86	99.86	99.83	85.59	99.83	83.19	99.86	99.86	83.19	99.86	99.83	99.83	85.59	99.83	83.19	99.86	99.86	99.83	99.83	99.83	99.86
2mo-WT-6F	71.38	86.61	100	78.52	99.93	99.93	86.61	93.27	66.62	99.93	93.27	99.92	93.27	69.18	78.52	78.52	85.65	57.1	86.61	85.65	78.52	66.62	81.74	66.62	99.93	93.27	99.93	92.24	93.27	93.27	99.92	78.52	93.27	86.61	86.61	79.95	92.24	79.95	61.49	69.18	92.79	86.61	76.86	92.79	93.27	85.65	73.28	99.93	93.27	86.61	99.93	92.79	85.65	86.61	91.59	93.27	85.65	86.61	78.52	86.61	93.27	79.95	99.93	78.52	99.93	74.94	99.93	66.61	99.93	84.55	99.93	73.28	85.65	99.93	93.27	69.18	99.93	66.61	93.27	92.24	86.61	92.79	99.86	86.61	91.59	99.93	90.83	99.93	99.93	99.92	92.79	86.61	92.79
2mo-WT-7F	92.79	92.79	85.65	100	85.65	85.65	69.18	85.65	92.24	85.65	92.24	89.91	84.55	92.24	85.65	76.86	99.92	85.65	99.93	99.93	84.55	92.79	99.9	84.55	85.65	84.55	91.59	91.59	84.55	76.86	91.59	99.93	84.55	85.65	92.79	99.93	99.92	71.38	76.86	92.24	83.26	92.79	99.91	91.59	85.65	92.79	92.79	85.65	92.79	85.65	85.65	92.79	69.18	99.93	89.91	92.79	84.55	92.24	99.93	92.79	85.65	99.93	83.26	99.93	84.55	89.91	85.65	99.9	84.55	72.66	85.65	99.93	91.59	84.55	85.65	90.83	85.65	81.74	92.79	92.24	85.65	91.59	99.88	85.65	69.93	85.65	76.86	85.65	85.65	85.65	92.24	99.93	69.18
2mo-WT-8F	49.92	85.59	99.86	66.56	100	99.86	99.86	99.86	57.06	99.86	85.59	99.8	99.86	66.56	71.33	99.83	71.33	71.33	71.33	71.33	71.33	42.8	99.8	71.33	85.59	99.86	99.83	99.8	99.86	83.19	99.8	71.33	99.86	99.86	85.59	66.56	83.19	85.59	57.06	57.06	99.86	85.59	71.33	85.59	99.86	85.59	57.06	99.86	83.19	71.33	99.86	85.59	99.86	71.33	85.59	85.59	99.86	83.19	71.33	85.59	99.86	71.33	99.83	71.33	99.86	99.8	99.86	71.33	99.83	85.59	99.86	71.33	83.19	99.83	99.83	57.06	99.86	49.92	83.19	99.8	71.33	85.59	99.8	99.86	85.59	99.83	85.59	99.86	99.86	99.83	83.19	71.33	99.86
2mo-WT-9F	66.61	84.55	99.93	76.86	99.93	100	85.65	93.27	61.49	99.93	93.27	99.92	93.27	63.58	74.94	78.52	85.65	57.1	85.65	84.55	72.66	64.24	74.91	66.62	99.93	93.27	99.93	91.59	93.27	99.93	99.92	76.86	93.27	85.65	85.65	76.86	91.59	78.52	54.5	63.58	92.79	86.61	69.93	90.83	92.79	85.65	69.18	99.93	92.79	84.55	99.93	92.79	92.24	85.65	91.59	92.79	84.55	86.61	72.66	85.65	92.79	76.86	99.92	74.94	99.93	66.59	99.92	66.61	99.92	83.26	99.93	71.38	85.65	99.93	92.79	76.86	99.92	66.59	92.79	92.24	92.79	92.79	99.83	86.61	99.92	99.93	99.89	99.92	99.93	99.9	92.24	85.65	92.79
2mo-WT-1M	77.69	88.79	99.89	88.79	99.89	99.89	100	88.79	66.59	99.89	99.89	99.88	88.79	66.59	77.69	77.69	99.89	77.69	99.89	99.89	77.69	66.59	74.91	55.49	99.89	88.79	99.89	87.39	88.79	88.79	99.89	88.79	88.79	77.69	88.79	88.79	99.88	77.69	74.91	71.33	87.39	88.79	88.79	99.88	88.79	87.39	77.69	99.89	99.89	88.79	99.88	99.89	99.88	99.89	99.88	99.89	74.91	88.79	87.39	88.79	88.79	88.79	99.88	87.39	99.88	77.69	99.89	74.91	99.88	77.69	99.89	77.69	88.79	99.88	88.79	77.69	99.88	66.59	99.89	88.79	88.79	99.88	99.83	77.69	87.39	99.89	79.84	99.88	99.89	99.83	99.89	99.89	99.88
2mo-WT-2M	88.79	87.39	99.9	88.79	99.9	99.89	99.89	100	77.69	99.9	99.9	99.9	88.79	88.79	88.79	89.91	99.89	89.91	99.89	99.89	74.91	79.92	87.39	77.69	99.88	99.89	99.89	99.89	99.9	89.91	99.9	99.9	89.91	89.91	88.79	99.89	99.9	79.92	74.91	77.69	99.9	99.89	85.59	99.86	87.39	88.79	77.69	99.9	99.9	88.79	99.9	99.9	89.91	99.9	99.89	99.9	88.79	99.9	87.39	89.91	99.9	99.89	99.89	87.39	99.9	85.59	99.9	99.9	99.89	79.92	99.89	89.91	89.91	99.9	99.9	89.91	99.89	62.42	99.9	99.9	89.91	99.89	99.9	99.9	89.91	99.9	87.39	99.89	99.89	99.88	99.88	99.88	99.9
2mo-WT-3M	99.8	99.8	99.8	99.75	99.8	99.8	99.75	99.8	100	99.8	99.8	99.75	99.8	99.8	99.8	99.75	99.8	99.8	99.8	99.8	99.8	99.8	99.75	99.8	99.75	99.8	99.8	99.75	99.8	79.84	99.8	99.8	99.8	99.8	99.8	99.8	99.75	99.8	99.75	99.75	99.75	99.8	99.8	99.75	99.75	99.8	99.8	99.8	99.8	99.75	99.8	99.8	99.75	99.8	99.75	99.8	99.75	99.8	99.8	99.8	99.8	99.8	99.8	99.8	99.75	99.75	99.8	99.75	99.8	99.8	99.8	99.8	99.8	99.75	99.8	79.84	99.8	79.84	99.8	99.8	79.84	99.75	99.75	99.8	74.81	99.8	74.81	99.8	99.8	99.8	99.8	99.75	99.75
2mo-WT-4M	85.59	99.83	99.86	99.86	99.86	99.86	99.86	99.86	85.59	100	99.86	99.83	99.83	83.19	85.59	99.86	99.83	99.86	99.86	99.86	83.19	85.59	99.83	85.59	99.86	99.86	99.83	99.83	99.86	85.59	99.83	99.86	99.86	99.86	99.86	99.86	99.83	83.19	85.59	83.19	99.83	99.83	99.86	99.86	99.83	99.86	85.59	99.83	99.83	85.59	99.83	99.83	85.59	99.83	99.83	99.86	99.86	99.86	99.86	99.83	99.83	99.83	99.8	99.83	99.83	99.83	99.83	99.83	99.86	83.19	99.83	99.86	99.86	99.83	99.83	83.19	99.83	66.56	99.83	99.86	85.59	99.83	99.83	99.83	83.19	99.86	85.59	99.86	99.83	99.86	99.83	99.83	99.83
2mo-WT-5M	69.93	84.55	99.92	83.26	99.92	99.92	99.92	92.24	69.18	99.92	100	99.91	92.24	72.66	81.74	83.26	91.59	74.94	91.59	91.59	72.66	61.49	77.69	69.18	92.24	99.92	99.92	90.83	92.24	91.59	99.91	83.26	92.24	84.55	84.55	81.74	91.59	84.55	69.93	72.66	91.59	92.24	83.26	90.83	92.24	83.26	76.86	99.92	91.59	84.55	99.92	91.59	99.92	92.24	99.92	99.92	91.59	83.26	81.74	84.55	92.24	91.59	99.91	83.26	99.92	90.83	99.92	83.26	99.92	84.55	99.92	76.86	83.26	99.91	91.59	76.86	99.92	63.58	91.59	99.9	84.55	91.59	99.89	92.24	91.59	99.92	89.91	99.92	99.92	99.9	91.59	92.24	99.92
2mo-Het-3F	87.39	88.79	88.79	77.69	99.89	99.89	99.89	88.79	66.59	99.88	99.89	100	88.79	62.42	74.91	88.79	87.39	74.91	99.89	99.88	62.42	66.59	87.39	66.59	99.89	88.79	99.89	88.79	99.89	88.79	99.88	87.39	88.79	88.79	88.79	88.79	88.79	77.69	62.42	62.42	99.89	99.89	88.79	99.89	88.79	88.79	77.69	99.89	99.89	77.69	99.89	99.88	88.79	99.89	99.89	99.89	77.69	99.89	77.69	88.79	99.89	88.79	99.88	87.39	99.89	62.42	99.88	88.79	99.86	77.69	99.89	77.69	88.79	99.89	99.89	77.69	99.88	62.42	99.89	87.39	88.79	99.89	99.86	88.79	88.79	99.89	83.19	99.88	99.89	99.83	99.88	99.89	99.89
2mo-Het-4F	81.74	99.91	83.26	89.91	91.59	91.59	90.83	83.26	81.74	90.83	91.59	90.83	100	63.58	72.66	99.91	83.26	91.59	90.83	91.59	79.92	83.26	99.89	83.26	90.83	83.26	91.59	79.92	91.59	83.26	91.59	83.26	99.92	99.92	99.92	81.74	81.74	91.59	79.92	77.69	90.83	91.59	99.9	88.79	99.91	99.92	90.83	91.59	91.59	72.66	91.59	91.59	90.83	91.59	90.83	91.59	90.83	91.59	89.91	99.92	91.59	81.74	91.59	99.89	90.83	79.92	91.59	81.74	89.91	91.59	90.83	91.59	99.92	90.83	91.59	74.94	89.91	79.92	91.59	83.26	83.26	90.83	89.91	83.26	81.74	91.59	85.59	89.91	91.59	99.88	89.91	90.83	90.83
2mo-Het-5F	99.75	99.75	99.75	99.75	99.75	99.75	66.45	99.75	99.75	99.75	99.75	99.75	99.75	100	99.8	74.81	99.75	74.81	99.75	99.75	99.75	99.75	99.75	99.75	99.67	99.75	99.75	99.8	99.75	99.75	99.75	99.75	99.75	99.75	99.75	99.75	99.75	99.75	99.75	99.75	99.75	99.75	99.67	99.75	99.67	99.75	99.75	99.75	99.75	99.67	99.75	99.75	74.81	99.75	99.67	99.75	99.75	99.75	99.75	99.75	99.75	99.75	99.75	99.75	99.75	66.45	99.75	99.67	99.75	99.75	99.75	99.75	99.75	99.75	99.75	99.67	99.75	99.75	99.75	99.75	99.75	99.75	99.67	99.75	99.67	99.75	99.75	99.75	99.75	99.75	99.75	99.67	99.75
2mo-Het-6F	99.88	99.89	99.89	99.89	99.89	99.89	99.88	99.89	99.89	99.89	99.89	99.86	99.89	99.9	100	99.89	99.89	99.89	99.89	99.89	99.89	88.79	99.88	99.89	87.39	99.89	99.89	99.88	99.89	74.91	99.88	99.89	99.89	99.89	99.89	99.88	99.88	99.89	99.88	99.88	99.88	99.88	99.89	99.88	99.88	99.89	99.89	99.89	99.86	99.88	99.89	99.89	87.39	99.89	99.88	99.89	99.88	99.88	99.89	88.79	99.89	99.89	99.86	99.89	99.88	99.86	99.89	99.88	99.88	99.9	99.89	99.89	99.88	99.86	99.86	88.79	99.88	87.39	99.88	99.88	87.39	99.88	99.86	99.88	87.39	99.86	85.59	99.89	99.89	99.86	99.88	99.88	99.88
2mo-Het-10M	69.93	90.83	99.91	81.74	99.92	99.92	99.9	99.92	74.94	99.92	91.59	99.9	99.91	72.66	74.94	100	83.26	83.26	83.26	84.55	79.92	66.61	99.89	72.66	89.91	90.83	99.9	99.88	99.92	79.92	99.9	84.55	99.92	99.92	92.24	83.26	90.83	91.59	72.66	74.94	99.92	91.59	83.26	89.91	99.91	90.83	74.94	99.92	89.91	79.92	99.92	91.59	99.92	81.74	90.83	92.24	91.59	91.59	79.92	83.26	99.91	72.66	99.9	77.69	99.91	83.19	99.92	74.94	99.9	90.83	99.91	83.26	91.59	99.92	99.9	72.66	99.9	66.59	90.83	90.83	79.92	91.59	99.88	90.83	90.83	99.9	88.79	99.91	99.91	99.88	89.91	79.92	99.92
2mo-Het-1M	88.79	88.79	99.9	87.39	99.89	99.9	99.9	99.9	77.69	99.9	99.91	99.9	89.91	77.69	77.69	87.39	100	89.91	99.9	99.89	77.69	77.69	88.79	72.66	99.9	89.91	99.9	99.9	99.91	89.91	99.9	99.89	89.91	88.79	88.79	99.89	99.89	77.69	77.69	74.91	99.9	99.91	88.79	99.89	89.91	90.83	77.69	99.9	99.89	88.79	99.9	99.9	88.79	99.9	99.9	99.89	77.69	99.9	88.79	88.79	99.89	89.91	99.88	88.79	99.9	77.69	99.89	89.91	99.88	77.69	99.9	88.79	89.91	99.9	99.89	89.91	99.88	66.59	99.89	89.91	88.79	99.9	99.89	89.91	89.91	99.9	85.59	99.89	99.9	99.86	99.9	99.9	99.9
2mo-Het-2M	88.79	99.9	99.9	99.89	99.9	99.9	99.9	99.9	89.91	99.9	99.9	99.89	99.9	79.92	79.92	99.89	99.9	100	99.9	99.9	89.91	79.92	99.9	79.92	89.91	89.91	99.9	99.89	99.9	77.69	99.89	99.9	99.9	99.9	99.9	99.89	99.9	89.91	89.91	88.79	99.9	99.89	99.9	99.9	99.9	99.9	89.91	99.9	99.88	89.91	99.9	99.9	89.91	99.9	99.9	99.9	89.91	99.89	99.9	89.91	99.9	89.91	99.88	99.89	99.9	88.79	99.9	89.91	99.88	89.91	99.9	99.9	99.89	99.89	99.88	89.91	99.88	77.69	99.89	88.79	88.79	99.9	99.88	88.79	89.91	99.88	87.39	99.89	99.9	99.86	99.89	99.9	99.9
2mo-Het-7M	87.39	99.91	99.89	99.88	99.92	99.91	99.89	99.89	91.59	99.92	99.91	99.9	99.89	89.91	89.91	99.91	99.91	99.92	100	99.91	88.79	81.74	99.91	88.79	77.69	99.91	89.91	99.88	99.91	74.91	99.89	99.91	99.91	99.9	99.91	99.89	99.9	90.83	87.39	81.74	99.89	99.92	99.91	99.88	99.89	99.9	89.91	99.91	99.89	87.39	99.91	99.9	90.83	99.9	99.88	99.92	99.91	99.91	99.89	91.59	99.89	99.89	99.86	99.89	99.89	99.86	91.59	99.9	99.9	89.91	99.91	99.92	99.9	99.89	99.89	89.91	99.89	79.92	99.91	99.9	87.39	99.9	99.88	99.9	88.79	99.89	88.79	99.9	99.9	99.9	99.89	99.88	99.9
2mo-Het-9M	74.91	89.91	99.89	88.79	99.9	99.9	99.88	88.79	69.93	99.9	99.9	99.88	88.79	79.92	88.79	79.92	99.9	79.92	99.9	100	77.69	59.94	77.69	66.59	87.39	99.89	99.89	85.59	89.91	87.39	99.89	89.91	89.91	79.92	89.91	88.79	99.89	79.92	74.91	77.69	88.79	89.91	89.91	99.88	88.79	87.39	79.92	99.9	99.89	87.39	99.89	99.9	99.89	99.89	99.88	99.9	88.79	88.79	87.39	89.91	88.79	99.89	99.88	88.79	99.88	87.39	99.9	88.79	99.89	77.69	99.9	79.92	88.79	99.88	88.79	77.69	99.9	69.93	99.89	99.89	88.79	99.89	99.88	89.91	87.39	99.89	85.59	99.9	99.89	99.86	99.9	99.88	99.89
2mo-KO-4F	99.88	99.86	99.88	99.86	99.88	99.88	99.86	99.88	99.86	99.86	99.88	99.88	99.88	99.86	99.86	99.86	99.88	99.88	99.88	99.88	100	99.88	99.88	99.88	99.86	99.88	99.86	99.88	99.88	74.91	99.88	99.88	99.88	99.88	99.88	99.88	99.86	99.88	99.88	99.88	99.86	99.86	99.86	99.86	99.86	99.88	99.88	99.88	99.86	99.86	99.88	99.86	87.39	99.88	99.88	99.88	99.86	99.88	99.86	87.39	99.86	99.88	99.83	99.88	99.88	99.83	99.88	99.88	99.88	99.88	99.88	99.88	99.88	99.88	99.86	87.39	99.86	85.59	99.88	99.88	85.59	99.88	99.86	99.86	87.39	99.86	85.59	99.88	99.88	99.86	99.86	99.86	99.88
2mo-KO-5F	99.83	99.83	99.83	99.83	99.83	99.83	99.8	99.83	99.83	99.83	99.83	99.83	99.83	83.19	83.19	99.83	99.83	99.83	99.83	99.83	99.83	100	99.83	83.19	99.8	83.19	99.83	99.83	99.83	83.19	99.83	99.83	99.83	99.83	99.83	99.83	99.83	99.83	99.83	99.8	99.83	99.83	99.83	99.83	99.8	99.83	99.83	99.83	99.83	99.8	99.83	99.83	83.19	99.83	99.83	99.83	83.19	99.83	99.83	99.83	99.83	83.19	99.8	99.8	99.83	79.84	99.83	83.19	99.8	99.83	99.83	99.83	99.83	99.83	99.83	83.19	99.8	83.19	99.83	83.19	83.19	99.83	99.8	83.19	83.19	99.83	79.84	99.8	99.83	99.8	99.83	99.8	99.83
2mo-KO-6F	99.8	99.8	99.8	99.75	99.8	99.8	99.8	99.8	99.8	99.8	99.8	99.8	99.8	99.8	99.8	99.75	99.8	99.8	99.8	99.8	99.8	99.8	100	99.8	99.8	99.8	99.8	99.8	99.8	79.84	99.8	99.8	99.8	99.8	99.8	99.8	99.8	99.8	99.8	99.8	99.8	99.8	99.8	99.8	99.8	99.8	99.8	99.8	99.8	99.8	99.8	99.8	79.84	99.8	99.8	99.8	99.8	99.8	99.8	99.8	99.8	99.8	99.75	99.8	99.8	99.8	99.8	99.8	99.8	99.8	99.8	99.8	99.8	99.8	99.8	79.84	99.8	79.84	99.8	99.8	79.84	99.8	99.8	99.8	79.84	99.8	79.84	99.8	99.8	99.8	99.8	99.8	99.8
2mo-KO-7F	74.91	77.69	44.4	55.49	55.49	55.49	55.49	49.94	77.69	49.94	44.4	49.94	62.42	71.33	77.69	77.69	37.45	66.59	55.49	55.49	74.91	77.69	83.19	100	59.94	49.94	42.8	42.8	66.59	44.4	42.8	55.49	66.59	77.69	77.69	49.94	42.8	77.69	66.59	66.59	66.59	55.49	66.59	66.59	62.42	87.39	77.69	49.94	66.59	66.59	57.06	66.59	55.49	55.49	33.3	37.45	66.59	77.69	57.06	77.69	66.59	49.94	42.8	66.59	55.49	49.92	55.49	66.59	42.8	74.91	55.49	66.59	77.69	49.94	62.42	44.4	49.94	71.33	62.42	57.06	55.49	62.42	59.88	66.59	44.4	55.49	39.92	55.49	55.49	59.88	49.92	55.49	55.49
2mo-KO-8F	63.58	83.26	92.24	63.58	99.92	99.92	99.92	84.55	45.41	99.92	92.24	99.92	92.24	49.95	72.66	79.92	74.94	58.28	84.55	81.74	63.58	49.96	74.91	64.24	100	92.24	99.92	83.26	92.24	92.24	99.91	63.58	92.24	83.26	83.26	66.61	81.74	83.26	45.41	54.5	92.24	85.65	74.94	91.59	92.24	83.26	66.61	99.92	91.59	74.94	99.92	91.59	99.92	83.26	92.24	91.59	83.26	84.55	63.58	83.26	91.59	74.94	99.92	74.94	99.92	66.59	99.91	69.18	99.9	83.26	99.92	58.28	84.55	99.92	91.59	61.49	99.91	59.94	91.59	90.83	83.26	91.59	99.86	84.55	92.24	99.92	87.39	99.92	99.92	99.88	81.74	84.55	99.92
2mo-KO-10M	69.93	83.26	91.59	63.58	99.92	99.92	99.91	91.59	58.28	99.91	91.59	99.92	91.59	66.59	79.92	90.83	72.66	63.58	83.26	81.74	59.94	58.28	87.39	74.94	99.91	100	99.91	90.83	99.92	91.59	99.9	72.66	91.59	91.59	83.26	72.66	81.74	84.55	49.95	54.5	99.92	92.24	72.66	90.83	90.83	83.26	66.61	99.92	91.59	72.66	99.92	90.83	99.92	83.26	91.59	92.24	91.59	91.59	63.58	83.26	99.92	81.74	99.91	72.66	99.92	74.91	99.91	83.26	99.91	83.26	99.92	66.61	83.26	99.92	99.92	66.61	99.91	55.49	91.59	99.91	83.26	91.59	99.89	99.92	91.59	99.92	89.91	99.91	99.92	99.9	88.79	81.74	99.92
2mo-KO-11M	74.91	74.91	87.39	62.42	99.88	99.88	99.88	87.39	49.94	99.86	99.88	99.88	87.39	49.94	62.42	87.39	74.91	62.42	87.39	87.39	49.94	49.94	85.59	49.94	99.88	87.39	100	87.39	99.88	87.39	99.88	74.91	87.39	87.39	74.91	74.91	74.91	74.91	49.94	42.8	99.88	99.88	74.91	87.39	87.39	74.91	62.42	99.88	87.39	62.42	99.88	87.39	99.88	87.39	99.88	99.88	74.91	87.39	62.42	74.91	99.88	74.91	99.86	71.33	99.88	57.06	99.88	74.91	99.83	74.91	99.88	62.42	74.91	99.88	99.88	62.42	99.86	49.94	87.39	85.59	74.91	87.39	99.83	87.39	87.39	99.88	79.84	99.86	99.88	99.8	85.59	87.39	99.88
2mo-KO-12M	71.33	77.69	99.89	74.91	99.89	99.89	99.89	99.89	66.59	99.89	99.89	99.89	88.79	74.91	74.91	87.39	87.39	74.91	87.39	87.39	57.06	66.59	83.19	66.59	99.89	99.89	99.89	100	99.89	88.79	99.88	87.39	88.79	88.79	77.69	87.39	88.79	77.69	57.06	62.42	99.89	99.89	74.91	87.39	88.79	77.69	66.59	99.89	88.79	77.69	99.89	87.39	99.89	88.79	99.89	99.89	88.79	88.79	74.91	77.69	99.89	87.39	99.88	74.91	99.89	85.59	99.88	88.79	99.89	79.92	99.89	77.69	77.69	99.89	99.89	77.69	99.88	42.8	88.79	99.86	77.69	88.79	99.86	99.89	88.79	99.89	87.39	99.88	99.89	99.88	87.39	88.79	99.89
2mo-KO-13M	62.42	77.69	99.89	66.59	99.89	99.89	99.88	99.89	55.49	99.89	88.79	99.86	88.79	74.91	77.69	88.79	77.69	66.59	79.92	77.69	66.59	44.4	83.19	66.59	87.39	99.9	99.88	99.83	100	87.39	99.86	77.69	88.79	88.79	77.69	74.91	85.59	79.92	49.94	49.94	99.88	89.91	66.59	87.39	87.39	77.69	55.49	99.89	87.39	74.91	99.89	88.79	99.88	77.69	87.39	89.91	87.39	87.39	66.59	77.69	99.89	77.69	99.88	66.59	99.89	83.19	99.89	74.91	99.88	77.69	99.89	66.59	74.91	99.86	99.88	66.59	99.89	49.94	87.39	99.88	77.69	87.39	99.83	99.89	87.39	99.88	85.59	99.89	99.89	99.86	87.39	74.91	99.88
2mo-KO-2M	59.94	83.26	91.59	63.58	99.92	99.92	99.91	81.74	49.96	99.91	91.59	99.91	90.83	44.4	72.66	81.74	72.66	58.28	81.74	83.26	59.94	49.96	74.91	58.28	99.91	90.83	99.9	79.92	91.59	100	99.9	66.61	91.59	83.26	83.26	59.94	79.92	83.26	54.5	49.95	91.59	83.26	72.66	90.83	89.91	81.74	66.61	99.91	91.59	72.66	99.9	91.59	99.92	83.26	83.26	90.83	83.26	83.26	55.49	83.26	91.59	69.93	99.91	69.93	99.92	62.42	99.92	66.61	99.89	81.74	99.92	58.28	83.26	99.91	90.83	66.61	99.89	66.59	90.83	89.91	91.59	90.83	99.86	83.26	99.92	99.92	99.86	99.9	99.92	99.86	87.39	81.74	99.92
2mo-KO-9M	79.92	89.91	89.91	77.69	99.9	99.9	99.9	79.92	59.94	99.89	99.9	99.9	89.91	59.94	79.92	77.69	89.91	69.93	99.9	99.9	69.93	59.94	79.92	59.94	99.9	89.91	99.9	79.92	89.91	89.91	100	79.92	89.91	79.92	89.91	79.92	89.91	79.92	69.93	66.59	89.91	89.91	89.91	99.9	89.91	88.79	79.92	99.9	99.9	79.92	99.89	99.9	99.9	99.9	99.9	99.9	79.92	89.91	77.69	89.91	89.91	89.91	99.89	88.79	99.9	69.93	99.9	79.92	99.88	79.92	99.9	69.93	89.91	99.9	89.91	69.93	99.89	69.93	99.9	89.91	89.91	99.9	99.88	79.92	89.91	99.9	83.19	99.89	99.9	99.83	99.89	99.9	99.9
1yr-WT-2F	85.59	89.91	99.88	85.59	99.9	99.9	99.88	99.88	79.92	99.9	99.9	99.89	87.39	88.79	87.39	88.79	99.9	89.91	99.9	99.9	74.91	66.59	89.91	74.91	87.39	99.88	99.88	99.86	99.89	85.59	99.88	100	89.91	88.79	89.91	99.88	99.9	77.69	74.91	79.92	99.89	99.9	88.79	99.88	88.79	87.39	77.69	99.89	99.89	87.39	99.9	99.89	89.91	99.88	99.88	99.9	89.91	99.89	87.39	89.91	99.88	99.88	99.86	87.39	99.88	87.39	99.9	99.9	99.88	74.91	99.89	89.91	87.39	99.88	99.89	87.39	99.89	66.59	99.89	99.88	87.39	99.89	99.89	99.89	87.39	99.89	88.79	99.89	99.88	99.88	99.89	99.88	99.89
1yr-WT-3F	49.92	87.39	99.88	77.69	99.88	99.89	99.86	99.89	66.59	99.88	87.39	99.86	99.88	59.88	71.33	99.89	71.33	71.33	71.33	74.91	66.56	62.42	99.75	74.91	99.86	99.88	99.86	99.86	99.88	87.39	99.83	74.91	100	99.88	88.79	74.91	85.59	87.39	49.92	62.42	99.88	88.79	74.91	85.59	99.86	87.39	66.59	99.88	87.39	71.33	99.89	85.59	99.88	74.91	87.39	88.79	99.88	88.79	71.33	87.39	99.88	71.33	99.88	71.33	99.88	99.75	99.86	74.91	99.88	87.39	99.88	74.91	88.79	99.89	99.88	62.42	99.86	39.92	87.39	99.86	74.91	87.39	99.8	99.88	87.39	99.88	87.39	99.86	99.88	99.88	83.19	71.33	99.88
1yr-WT-4F	69.18	92.24	85.65	78.52	92.79	92.24	92.79	85.65	69.18	92.24	85.65	92.24	99.92	58.28	69.18	99.92	66.61	76.86	78.52	74.94	76.86	71.38	99.9	76.86	92.24	84.55	91.59	84.55	92.79	85.65	91.59	69.18	99.93	100	92.24	71.38	76.86	92.79	58.28	69.18	92.79	84.55	84.55	84.55	99.92	92.24	78.52	92.79	85.65	71.38	92.79	84.55	85.65	78.52	84.55	85.65	92.24	85.65	78.52	92.79	92.79	71.38	91.59	84.55	92.79	79.92	92.24	71.38	90.83	92.79	92.79	78.52	92.79	92.79	92.79	64.24	92.24	74.94	85.65	83.26	78.52	83.26	89.91	85.65	85.65	92.79	90.83	92.24	92.24	99.91	72.66	76.86	92.79
1yr-WT-5F	77.69	99.89	88.79	87.39	88.79	88.79	87.39	88.79	77.69	88.79	77.69	85.59	88.79	87.39	88.79	87.39	88.79	88.79	88.79	88.79	88.79	77.69	99.83	88.79	87.39	88.79	87.39	85.59	88.79	77.69	87.39	88.79	88.79	88.79	100	88.79	99.86	77.69	74.91	74.91	87.39	77.69	88.79	99.88	87.39	99.89	77.69	88.79	99.89	87.39	88.79	99.89	87.39	88.79	74.91	77.69	87.39	99.89	88.79	99.89	88.79	88.79	87.39	88.79	87.39	99.83	88.79	87.39	88.79	77.69	88.79	88.79	99.89	87.39	88.79	77.69	88.79	74.91	99.89	99.88	88.79	99.88	99.83	88.79	74.91	88.79	74.91	88.79	88.79	88.79	99.88	87.39	87.39
1yr-WT-6F	79.84	99.8	99.8	99.8	99.8	99.83	99.8	99.83	83.19	99.8	99.8	99.8	99.8	79.84	83.19	99.8	99.8	99.8	99.8	99.83	79.84	79.84	99.8	79.84	99.8	99.8	99.8	99.8	99.8	79.84	99.8	99.83	99.83	99.8	99.83	100	99.8	79.84	79.84	83.19	99.8	99.83	99.83	99.8	99.8	99.8	83.19	99.8	99.8	79.84	99.83	99.8	99.8	99.8	99.8	99.83	99.8	99.83	99.8	99.8	99.8	99.8	99.8	99.8	99.8	99.8	99.8	99.8	99.8	79.84	99.8	99.8	99.83	99.83	99.8	79.84	99.8	59.88	99.8	99.83	79.84	99.8	99.8	99.8	79.84	99.8	79.84	99.8	99.8	99.8	99.8	99.8	99.8
1yr-WT-7F	99.8	99.8	99.8	99.8	99.8	99.8	99.8	99.8	99.8	99.8	99.8	99.8	99.8	99.8	99.8	99.8	99.8	99.8	99.8	99.8	99.8	99.8	99.8	99.8	99.8	99.8	99.8	99.8	99.8	79.84	99.8	99.8	99.8	99.8	99.8	99.8	100	99.8	99.8	99.8	99.8	99.8	99.8	99.8	99.8	99.8	99.8	99.8	99.8	99.8	99.8	99.8	79.84	99.8	99.8	99.8	99.8	99.8	99.8	99.8	99.8	99.8	99.75	99.8	99.8	99.8	99.8	99.8	99.8	99.8	99.8	99.8	99.8	99.8	99.8	79.84	99.8	79.84	99.8	99.8	79.84	99.8	99.8	99.8	79.84	99.8	79.84	99.8	99.8	99.8	99.8	99.8	99.8
1yr-WT-8F	42.8	77.69	79.92	66.59	79.92	77.69	79.92	79.92	79.92	77.69	66.59	85.59	88.79	62.42	62.42	89.91	49.94	62.42	55.49	49.94	74.91	66.59	83.19	77.69	66.59	77.69	87.39	71.33	77.69	62.42	71.33	66.59	89.91	88.79	79.92	66.59	66.59	100	74.91	69.93	77.69	69.93	66.59	66.59	99.9	69.93	69.93	77.69	77.69	66.59	77.69	62.42	79.92	59.94	69.93	69.93	89.91	66.59	66.59	77.69	88.79	59.94	74.91	77.69	79.92	85.59	77.69	59.94	77.69	89.91	79.92	69.93	77.69	88.79	77.69	49.95	79.92	62.42	66.59	85.59	59.94	69.93	71.33	79.92	69.93	77.69	77.69	89.91	79.92	87.39	66.59	59.94	79.92
1yr-WT-10M	99.83	99.83	99.83	99.8	99.83	99.83	99.83	99.83	99.83	99.83	99.83	99.83	99.83	83.19	83.19	99.8	99.83	99.83	99.83	99.83	99.83	99.83	99.83	83.19	99.83	83.19	99.83	99.83	99.83	83.19	99.83	99.83	99.83	99.83	99.83	99.83	99.83	99.83	100	99.8	99.83	99.83	99.83	99.83	99.83	99.83	99.83	99.83	99.83	99.83	99.83	99.83	99.83	99.83	99.83	99.83	83.19	99.83	99.83	99.83	99.83	83.19	99.8	99.8	99.83	83.19	99.83	83.19	99.8	99.83	99.83	99.83	99.83	99.83	99.83	83.19	99.8	83.19	99.83	83.19	83.19	99.83	99.8	83.19	83.19	99.83	79.84	99.8	99.83	99.8	99.83	99.83	99.83
1yr-WT-11M	99.83	99.83	99.83	99.8	99.83	99.83	99.8	99.83	99.83	99.83	99.83	99.83	99.83	99.83	99.83	99.8	99.83	99.83	99.83	99.83	99.83	99.83	99.83	99.83	99.8	99.83	99.83	99.83	99.83	83.19	99.83	99.83	99.83	99.83	99.83	99.83	99.83	99.83	99.83	100	99.83	99.83	99.83	99.83	99.8	99.83	99.83	99.83	99.83	99.8	99.83	99.83	83.19	99.83	99.83	99.83	99.83	99.83	99.83	99.83	99.83	99.83	99.83	99.83	99.83	99.8	99.83	99.83	99.83	99.83	99.83	99.83	99.83	99.83	99.83	83.19	99.83	83.19	99.83	99.83	83.19	99.83	99.83	99.83	83.19	99.83	83.19	99.83	99.83	99.83	99.83	99.8	99.83
1yr-WT-9M	69.93	79.92	90.83	59.94	99.91	99.91	99.91	90.83	49.95	99.9	90.83	99.9	90.83	66.59	79.92	90.83	69.93	59.94	81.74	79.92	55.49	54.5	85.59	72.66	99.91	99.91	99.9	88.79	99.91	90.83	99.89	69.93	90.83	90.83	81.74	72.66	79.92	81.74	49.95	54.5	100	90.83	69.93	89.91	90.83	81.74	59.94	99.91	90.83	72.66	99.91	89.91	90.83	81.74	90.83	90.83	90.83	90.83	59.94	81.74	99.91	81.74	99.91	69.93	99.91	71.33	99.9	81.74	99.9	81.74	99.9	63.58	81.74	99.91	99.91	63.58	99.91	49.94	90.83	99.89	81.74	90.83	99.88	99.91	90.83	99.91	87.39	99.91	99.91	99.88	88.79	81.74	99.91
1yr-Het-1F	79.92	79.92	99.91	77.69	99.91	99.9	81.74	99.91	69.93	99.9	99.9	99.88	89.91	81.74	79.92	77.69	89.91	59.94	89.91	89.91	69.93	69.93	85.59	69.93	99.9	99.9	99.9	99.89	99.9	89.91	99.91	90.83	90.83	89.91	81.74	90.83	89.91	72.66	49.95	69.93	99.89	100	74.91	88.79	90.83	72.66	72.66	99.9	90.83	79.92	99.9	89.91	89.91	90.83	99.88	99.91	89.91	90.83	79.92	79.92	99.9	90.83	99.89	79.92	99.9	79.92	99.91	87.39	99.91	77.69	99.91	81.74	79.92	99.9	99.91	77.69	99.91	59.94	90.83	99.9	81.74	88.79	99.86	99.91	87.39	99.91	88.79	99.91	99.91	99.9	81.74	90.83	89.91
1yr-Het-5F	85.59	99.88	99.88	99.86	99.88	99.88	99.86	99.88	87.39	99.88	99.88	99.86	99.88	87.39	87.39	99.86	99.88	99.88	99.88	99.88	87.39	74.91	99.88	87.39	85.59	99.88	99.88	99.86	99.88	85.59	99.86	99.88	99.88	99.88	99.88	99.86	99.88	87.39	87.39	87.39	99.88	99.88	100	99.88	99.86	99.88	87.39	99.88	99.86	85.59	99.88	99.88	99.88	99.88	99.88	99.88	99.88	99.86	99.88	99.88	99.88	99.88	99.83	99.88	99.88	99.86	99.88	99.88	99.86	87.39	99.88	99.88	99.86	99.86	99.86	87.39	99.88	74.91	99.86	99.86	87.39	99.88	99.88	99.88	87.39	99.86	87.39	99.88	99.88	99.86	99.88	99.86	99.88
1yr-Het-6F	66.45	99.67	99.67	99.67	99.67	99.67	99.67	99.67	66.45	99.67	99.67	99.67	99.67	66.45	66.45	99.67	99.67	99.67	99.67	99.67	66.45	66.45	99.67	66.45	99.67	99.67	99.67	99.67	99.67	66.45	99.67	99.67	99.67	99.67	99.67	99.67	99.67	66.45	66.45	66.45	99.67	99.67	99.67	100	99.67	99.67	66.45	99.67	99.67	66.45	99.67	99.67	99.67	99.67	99.67	99.67	99.67	99.67	99.67	99.67	99.67	99.67	99.67	99.67	99.67	99.67	99.67	99.67	99.67	66.45	99.67	99.67	99.67	99.67	99.67	66.45	99.67	33.22	99.67	99.67	66.45	99.67	99.67	99.67	66.45	99.67	66.45	99.67	99.67	99.67	99.67	99.67	99.67
1yr-Het-7F	66.56	83.19	99.83	83.19	99.83	99.83	99.83	99.83	66.56	99.83	99.83	99.8	99.83	66.56	66.56	99.83	83.19	83.19	83.19	83.19	66.56	66.56	99.75	66.56	99.83	99.83	99.83	99.8	99.83	83.19	99.83	83.19	99.83	99.83	83.19	83.19	79.84	83.19	59.88	59.88	99.8	99.83	83.19	79.84	100	83.19	66.56	99.83	83.19	66.56	99.83	83.19	99.8	83.19	99.8	99.83	99.8	83.19	83.19	83.19	99.83	83.19	99.83	83.19	99.8	99.8	99.83	79.84	99.83	83.19	99.83	83.19	83.19	99.8	99.83	66.56	99.83	49.92	83.19	99.8	66.56	79.84	99.75	99.83	79.84	99.83	79.84	99.83	99.83	99.83	83.19	83.19	99.8
1yr-Het-8F	62.42	99.88	74.91	85.59	74.91	74.91	74.91	74.91	74.91	74.91	62.42	66.56	87.39	71.33	74.91	85.59	74.91	87.39	74.91	74.91	87.39	74.91	99.8	87.39	74.91	74.91	71.33	66.56	74.91	62.42	71.33	74.91	87.39	87.39	99.88	74.91	83.19	74.91	71.33	71.33	71.33	62.42	87.39	85.59	87.39	100	74.91	74.91	87.39	74.91	74.91	87.39	71.33	74.91	57.06	62.42	85.59	87.39	87.39	99.88	74.91	74.91	74.91	87.39	71.33	99.83	74.91	71.33	74.91	74.91	74.91	87.39	99.88	71.33	74.91	62.42	74.91	71.33	87.39	85.59	74.91	85.59	79.84	74.91	57.06	74.91	66.56	74.91	74.91	85.59	85.59	74.91	71.33
1yr-Het-9F	99.8	99.8	99.8	99.75	99.8	99.8	99.8	99.8	99.8	99.8	99.8	99.75	99.8	99.8	99.8	99.75	99.8	99.8	99.8	99.8	99.8	99.8	99.75	99.8	99.8	99.8	99.8	99.75	99.8	79.84	99.8	99.8	99.8	99.8	99.8	99.8	99.75	99.8	99.75	99.75	99.75	99.8	99.8	99.75	99.8	99.8	100	99.8	99.8	99.8	99.8	99.8	99.75	99.8	99.75	99.8	99.75	99.8	99.8	99.8	99.8	99.8	99.8	99.8	99.75	99.8	99.8	99.75	99.8	99.8	99.8	99.8	99.8	99.75	99.8	79.84	99.8	79.84	99.8	99.8	79.84	99.75	99.75	99.8	74.81	99.8	74.81	99.8	99.8	99.8	99.8	99.8	99.75
1yr-Het-11M	66.59	77.69	99.89	62.42	99.89	99.89	99.88	99.89	55.49	99.89	88.79	99.88	88.79	74.91	77.69	87.39	77.69	66.59	77.69	77.69	66.59	55.49	85.59	66.59	99.88	99.89	99.88	99.88	99.89	87.39	99.88	77.69	88.79	88.79	77.69	77.69	87.39	77.69	55.49	55.49	99.89	88.79	66.59	88.79	87.39	77.69	55.49	100	88.79	74.91	99.89	88.79	99.89	77.69	88.79	88.79	88.79	88.79	66.59	77.69	99.89	77.69	99.89	66.59	99.89	83.19	99.89	77.69	99.89	77.69	99.89	66.59	77.69	99.89	99.89	66.59	99.89	49.94	88.79	99.88	77.69	88.79	99.86	99.89	88.79	99.89	87.39	99.89	99.89	99.88	87.39	74.91	99.89
1yr-Het-12M	85.59	71.33	85.59	71.33	85.59	85.59	85.59	85.59	83.19	85.59	85.59	99.83	71.33	85.59	85.59	66.56	85.59	71.33	85.59	85.59	71.33	85.59	59.88	71.33	85.59	85.59	99.86	83.19	85.59	71.33	85.59	99.86	71.33	71.33	71.33	99.86	83.19	85.59	59.88	66.56	83.19	85.59	71.33	83.19	85.59	71.33	71.33	85.59	100	85.59	85.59	85.59	83.19	85.59	83.19	85.59	66.56	85.59	71.33	71.33	99.86	85.59	85.59	85.59	83.19	71.33	85.59	83.19	85.59	71.33	85.59	71.33	71.33	99.83	85.59	71.33	85.59	57.06	85.59	99.86	71.33	79.84	83.19	85.59	66.56	85.59	59.88	99.86	85.59	83.19	71.33	85.59	83.19
1yr-Het-14M	88.79	88.79	74.91	71.33	74.91	74.91	77.69	74.91	87.39	74.91	62.42	71.33	77.69	99.86	99.88	74.91	74.91	77.69	74.91	74.91	99.88	88.79	83.19	99.89	74.91	74.91	71.33	71.33	74.91	62.42	71.33	74.91	74.91	74.91	87.39	74.91	85.59	87.39	87.39	88.79	74.91	62.42	74.91	87.39	74.91	87.39	88.79	77.69	87.39	100	77.69	87.39	62.42	74.91	62.42	66.59	74.91	87.39	77.69	87.39	74.91	74.91	74.91	74.91	74.91	83.19	74.91	74.91	74.91	88.79	74.91	77.69	87.39	74.91	77.69	62.42	74.91	85.59	87.39	87.39	74.91	88.79	83.19	77.69	62.42	74.91	62.42	74.91	74.91	74.91	85.59	77.69	74.91
1yr-Het-2M	88.79	88.79	99.89	87.39	99.89	99.89	99.89	99.89	77.69	99.89	99.89	99.88	88.79	88.79	88.79	87.39	99.89	88.79	99.89	99.89	77.69	77.69	87.39	77.69	99.89	99.89	99.89	99.88	99.89	88.79	99.89	99.89	88.79	88.79	88.79	99.89	99.88	77.69	74.91	74.91	99.88	99.89	88.79	99.88	88.79	88.79	77.69	99.89	99.89	88.79	100	99.89	87.39	99.89	99.88	99.89	87.39	99.89	88.79	88.79	99.89	99.89	99.88	88.79	99.88	88.79	99.89	99.88	99.89	77.69	99.89	88.79	88.79	99.88	99.89	88.79	99.89	66.59	99.89	99.89	88.79	99.88	99.88	99.89	87.39	99.89	85.59	99.89	99.89	99.88	99.89	99.89	99.88
1yr-Het-4M	74.91	99.88	87.39	71.33	99.88	99.88	99.88	87.39	62.42	99.86	87.39	99.86	99.88	71.33	87.39	99.86	74.91	74.91	87.39	87.39	74.91	62.42	99.86	87.39	99.88	99.88	99.86	85.59	99.88	87.39	99.86	74.91	99.88	99.88	99.88	74.91	85.59	87.39	62.42	62.42	99.88	87.39	87.39	99.88	99.88	99.88	74.91	99.88	99.88	74.91	99.88	100	87.39	87.39	87.39	87.39	99.88	99.88	74.91	99.88	99.88	87.39	99.86	87.39	99.88	85.59	99.88	87.39	99.86	87.39	99.88	74.91	99.88	99.88	99.88	62.42	99.88	71.33	99.88	99.88	87.39	99.88	99.86	99.88	87.39	99.88	85.59	99.88	99.88	99.86	99.83	87.39	99.88
1yr-KO-11F	49.92	83.19	99.83	59.88	99.83	99.83	99.83	99.83	49.92	99.83	83.19	99.8	99.83	59.88	66.56	99.8	66.56	66.56	66.56	66.56	66.56	49.92	99.75	66.56	99.83	99.83	99.8	99.8	99.83	83.19	99.8	66.56	99.83	99.83	83.19	66.56	79.84	83.19	49.92	49.92	99.83	83.19	66.56	83.19	99.83	83.19	49.92	99.83	83.19	66.56	99.83	83.19	100	66.56	83.19	83.19	99.83	83.19	66.56	83.19	99.83	66.56	99.83	66.56	99.83	99.75	99.83	66.56	99.83	83.19	99.83	66.56	83.19	99.83	99.83	49.92	99.83	39.92	83.19	99.8	66.56	83.19	99.75	99.83	83.19	99.83	83.19	99.83	99.83	99.83	79.84	66.56	99.83
1yr-KO-1F	87.39	99.86	87.39	99.83	85.59	85.59	74.91	87.39	87.39	85.59	85.59	87.39	85.59	85.59	85.59	66.56	99.88	87.39	99.88	99.86	85.59	87.39	99.86	85.59	85.59	85.59	87.39	87.39	85.59	71.33	85.59	99.88	85.59	85.59	99.86	99.86	99.88	74.91	85.59	85.59	85.59	85.59	99.86	99.86	85.59	99.88	87.39	87.39	99.88	85.59	85.59	99.86	85.59	100	83.19	85.59	85.59	99.86	99.88	99.86	85.59	99.86	85.59	99.88	87.39	83.19	85.59	99.86	87.39	71.33	85.59	99.86	99.86	85.59	87.39	83.19	85.59	71.33	99.88	99.86	87.39	99.88	99.83	85.59	71.33	85.59	74.91	87.39	85.59	87.39	99.86	99.86	87.39
1yr-KO-2F	88.79	89.91	99.91	88.79	99.9	99.91	99.9	99.91	79.92	99.91	99.91	99.91	90.83	77.69	77.69	88.79	99.91	90.83	99.9	99.9	77.69	79.92	88.79	72.66	99.9	90.83	99.91	99.91	99.91	90.83	99.91	99.9	90.83	89.91	89.91	99.89	99.9	79.92	77.69	74.91	99.91	99.91	88.79	99.89	89.91	90.83	79.92	99.91	99.9	88.79	99.91	99.91	89.91	99.9	100	99.9	79.92	99.91	88.79	89.91	99.9	88.79	99.89	88.79	99.91	77.69	99.9	90.83	99.89	79.92	99.91	89.91	90.83	99.91	99.9	90.83	99.88	66.59	99.9	90.83	89.91	99.91	99.89	90.83	90.83	99.91	87.39	99.89	99.91	99.88	99.9	99.9	99.91
1yr-KO-3F	66.56	87.39	99.86	85.59	99.88	99.88	99.83	99.86	74.91	99.88	99.88	99.88	99.86	71.33	66.56	99.88	87.39	87.39	85.59	87.39	66.56	74.91	99.83	71.33	99.83	99.86	99.86	99.86	99.88	85.59	99.88	87.39	99.88	99.88	87.39	85.59	87.39	87.39	66.56	71.33	99.88	99.88	85.59	83.19	99.86	85.59	74.91	99.88	87.39	66.56	99.88	87.39	99.88	85.59	99.86	100	99.88	87.39	83.19	87.39	99.86	83.19	99.86	83.19	99.86	99.8	99.88	87.39	99.88	85.59	99.88	87.39	87.39	99.88	99.88	71.33	99.86	57.06	87.39	99.86	71.33	87.39	99.86	99.88	85.59	99.88	87.39	99.86	99.86	99.88	85.59	83.19	99.88
1yr-KO-8F	49.92	85.59	99.86	66.56	99.86	99.86	99.86	99.86	57.06	99.86	85.59	99.83	99.86	59.88	66.56	99.83	71.33	71.33	66.56	71.33	66.56	57.06	99.75	71.33	99.86	99.86	99.83	99.83	99.86	85.59	99.83	71.33	99.86	99.86	85.59	66.56	83.19	85.59	49.92	49.92	99.86	85.59	66.56	83.19	99.86	85.59	57.06	99.86	85.59	71.33	99.86	85.59	99.86	71.33	85.59	85.59	100	85.59	66.56	85.59	99.86	66.56	99.86	66.56	99.86	99.8	99.86	71.33	99.86	85.59	99.86	71.33	85.59	99.86	99.86	57.06	99.83	39.92	85.59	99.83	71.33	85.59	99.8	99.86	85.59	99.86	85.59	99.83	99.86	99.86	79.84	71.33	99.86
1yr-KO-9F	79.92	89.91	99.9	77.69	99.9	99.9	99.89	99.9	69.93	99.9	90.83	99.89	89.91	77.69	79.92	88.79	89.91	79.92	89.91	89.91	79.92	69.93	88.79	69.93	99.89	89.91	99.9	99.89	99.9	89.91	99.89	89.91	89.91	89.91	89.91	89.91	99.89	79.92	69.93	66.59	99.9	89.91	79.92	99.9	88.79	89.91	72.66	99.9	90.83	88.79	99.9	99.9	89.91	89.91	89.91	90.83	79.92	100	79.92	89.91	99.9	79.92	99.9	77.69	99.9	74.91	99.9	79.92	99.89	79.92	99.9	79.92	89.91	99.91	99.9	79.92	99.89	66.59	99.91	90.83	89.91	99.9	99.88	90.83	89.91	99.9	87.39	99.89	99.9	99.88	99.89	88.79	99.9
1yr-KO-13M	99.8	99.8	99.8	99.75	99.8	99.8	99.8	99.8	99.8	99.8	99.8	99.8	99.8	99.8	99.8	99.75	99.8	99.8	99.8	99.8	99.8	99.8	99.8	99.8	99.8	99.8	99.8	99.8	99.8	79.84	99.8	99.8	99.8	99.8	99.8	99.8	99.8	99.8	99.8	99.8	99.8	99.8	99.8	99.8	99.8	99.8	99.8	99.8	99.8	99.8	99.8	99.8	79.84	99.8	99.8	99.8	99.8	99.8	100	99.8	99.8	99.8	99.8	99.8	99.8	99.8	99.8	99.8	99.8	99.8	99.8	99.8	99.8	99.8	99.8	79.84	99.8	79.84	99.8	99.8	79.84	99.8	99.8	99.8	79.84	99.8	79.84	99.8	99.8	99.8	99.8	99.8	99.8
1yr-KO-14M	79.84	99.83	99.83	99.8	99.83	99.83	99.83	99.83	83.19	99.83	99.83	99.8	99.83	83.19	83.19	99.8	99.83	99.83	99.83	99.83	83.19	66.56	99.83	83.19	83.19	99.83	99.83	99.8	99.83	79.84	99.8	99.83	99.83	99.83	99.83	99.8	99.83	83.19	83.19	83.19	99.83	99.83	99.83	99.83	99.83	99.83	83.19	99.83	99.8	83.19	99.83	99.83	83.19	99.83	99.83	99.83	99.83	99.8	99.83	100	99.83	99.83	99.8	99.83	99.83	99.83	99.83	99.83	99.8	83.19	99.83	99.83	99.8	99.8	99.8	83.19	99.83	66.56	99.8	99.8	83.19	99.83	99.83	99.83	83.19	99.8	83.19	99.83	99.83	99.8	99.83	99.83	99.83
1yr-KO-15M	62.42	87.39	99.88	71.33	99.88	99.88	99.88	99.88	62.42	99.88	87.39	99.86	99.88	71.33	74.91	99.86	74.91	74.91	74.91	74.91	74.91	62.42	99.83	74.91	99.88	99.88	99.86	99.86	99.88	87.39	99.86	74.91	99.88	99.88	87.39	74.91	85.59	87.39	62.42	62.42	99.88	87.39	74.91	87.39	99.88	87.39	62.42	99.88	87.39	74.91	99.88	87.39	87.39	74.91	87.39	87.39	99.88	87.39	74.91	87.39	100	74.91	99.88	74.91	99.88	99.83	99.88	74.91	99.88	87.39	99.88	74.91	87.39	99.88	99.88	62.42	99.88	57.06	87.39	99.86	74.91	87.39	99.83	99.88	87.39	99.88	87.39	99.88	99.88	99.88	85.59	74.91	99.88
1yr-KO-16M	87.39	99.88	99.88	99.86	99.88	99.88	99.88	99.88	87.39	99.88	99.88	99.86	99.88	87.39	87.39	99.86	99.88	99.88	99.88	99.88	87.39	87.39	99.86	87.39	99.88	99.88	99.88	99.86	99.88	87.39	99.88	99.88	99.88	99.88	99.88	99.88	99.86	87.39	85.59	85.59	99.86	99.88	99.88	99.86	99.88	99.88	87.39	99.88	99.88	87.39	99.88	99.88	85.59	99.88	99.86	99.88	99.86	99.88	99.88	99.88	99.88	100	99.86	99.88	99.86	99.88	99.88	99.86	99.88	87.39	99.88	99.88	99.88	99.86	99.88	87.39	99.88	74.91	99.88	99.88	87.39	99.86	99.86	99.88	85.59	99.88	85.59	99.88	99.88	99.88	99.88	99.88	99.86
1yr-KO-6M	57.06	71.33	99.86	57.06	99.86	99.86	99.86	99.86	42.8	99.86	85.59	99.83	85.59	66.56	71.33	85.59	71.33	57.06	71.33	71.33	57.06	42.8	79.84	57.06	99.86	99.86	99.83	99.83	99.86	85.59	99.83	71.33	85.59	85.59	71.33	71.33	83.19	71.33	42.8	42.8	99.86	85.59	57.06	85.59	85.59	71.33	42.8	99.86	85.59	71.33	99.86	85.59	99.86	71.33	85.59	85.59	85.59	85.59	57.06	71.33	99.86	71.33	100	57.06	99.86	79.84	99.86	71.33	99.86	71.33	99.86	57.06	71.33	99.86	99.86	57.06	99.86	33.28	85.59	99.83	71.33	85.59	99.8	99.86	85.59	99.86	83.19	99.86	99.86	99.83	83.19	71.33	99.86
1yr-KO-7M	99.8	99.8	99.8	99.8	99.8	99.8	99.8	99.8	99.75	99.8	99.8	99.8	99.8	99.8	99.8	99.75	99.8	99.8	99.8	99.8	99.8	99.8	99.75	99.8	99.8	99.8	99.8	99.8	99.8	79.84	99.8	99.8	99.8	99.8	99.8	99.8	99.8	99.8	79.84	99.8	99.8	99.8	99.8	99.8	99.8	99.8	99.8	99.8	99.8	99.8	99.8	99.8	79.84	99.8	99.8	99.8	99.8	99.8	99.8	99.8	99.8	99.8	99.8	100	99.8	99.8	99.8	99.8	99.8	99.8	99.8	99.8	99.8	99.8	99.8	79.84	99.8	79.84	99.8	99.8	79.84	99.75	99.8	99.8	79.84	99.8	79.84	99.8	99.8	99.8	79.84	99.8	99.8
2yr-WT-1F	66.59	77.69	99.89	62.42	99.89	99.89	99.89	99.89	55.49	99.89	88.79	99.88	88.79	74.91	77.69	87.39	77.69	66.59	77.69	77.69	66.59	55.49	85.59	66.59	99.89	99.89	99.88	99.88	99.89	88.79	99.88	77.69	88.79	88.79	77.69	77.69	87.39	77.69	55.49	55.49	99.89	88.79	66.59	88.79	88.79	77.69	55.49	99.89	88.79	77.69	99.89	88.79	88.79	77.69	88.79	88.79	88.79	88.79	66.59	77.69	99.89	77.69	99.89	66.59	100	85.59	99.89	77.69	99.89	77.69	99.89	66.59	77.69	99.89	99.89	66.59	99.89	49.94	88.79	99.88	77.69	88.79	99.86	99.89	88.79	99.89	87.39	99.89	99.89	99.88	87.39	77.69	99.89
2yr-WT-2F	99.86	99.86	99.86	99.86	99.86	99.86	99.86	99.86	99.83	99.86	99.86	99.86	99.86	99.86	99.86	99.83	99.86	99.86	99.86	99.86	99.86	99.86	99.83	99.86	99.86	99.86	99.86	99.86	99.86	85.59	99.86	99.86	99.86	99.86	99.86	99.86	99.86	99.86	85.59	99.86	99.86	99.86	99.86	99.86	99.86	99.86	99.86	99.86	99.86	99.86	99.86	99.86	99.86	99.86	99.86	99.86	99.86	99.86	99.86	99.86	99.86	99.86	99.83	99.86	99.86	100	99.86	99.86	99.86	99.86	99.86	99.86	99.86	99.86	99.86	85.59	99.86	85.59	99.86	99.86	85.59	99.83	99.86	99.86	85.59	99.86	85.59	99.86	99.86	99.86	85.59	99.86	99.86
2yr-WT-3F	88.79	89.91	99.9	88.79	99.9	99.9	99.9	99.9	79.92	99.9	99.9	99.88	89.91	79.92	79.92	88.79	99.9	89.91	99.9	99.9	79.92	69.93	88.79	69.93	89.91	89.91	99.9	99.88	99.9	88.79	99.89	99.9	89.91	89.91	89.91	99.89	99.89	79.92	77.69	74.91	99.89	99.9	89.91	99.89	89.91	89.91	79.92	99.9	99.89	89.91	99.9	99.9	88.79	99.9	99.89	99.9	77.69	99.89	89.91	89.91	99.9	89.91	99.89	88.79	99.89	79.92	100	88.79	99.88	79.92	99.9	89.91	88.79	99.88	99.89	89.91	99.89	69.93	99.89	88.79	89.91	99.89	99.88	89.91	88.79	99.89	85.59	99.89	99.9	99.86	99.9	99.9	99.89
2yr-WT-5F	89.91	89.91	91.59	77.69	99.92	99.91	99.92	91.59	72.66	99.89	99.91	99.91	90.83	79.92	88.79	89.91	90.83	81.74	99.9	99.91	69.93	72.66	89.91	81.74	99.91	99.91	99.9	90.83	99.91	90.83	99.92	91.59	91.59	90.83	91.59	90.83	90.83	83.26	72.66	72.66	99.9	99.92	88.79	99.89	91.59	83.26	83.26	99.91	99.92	81.74	99.91	99.9	91.59	99.92	99.92	99.92	90.83	99.92	77.69	90.83	99.9	99.91	99.89	89.91	99.92	83.26	99.92	100	99.91	83.26	99.92	83.26	91.59	99.92	99.92	83.26	99.91	72.66	99.92	99.92	91.59	99.92	99.92	99.92	91.59	99.92	89.91	99.91	99.92	99.9	99.9	99.92	99.92
2yr-WT-6F	79.84	99.86	99.86	99.83	99.88	99.86	99.86	99.86	85.59	99.86	99.86	99.83	99.83	85.59	79.84	99.86	99.83	99.83	99.86	99.83	79.84	85.59	99.75	83.19	99.83	99.83	99.83	99.8	99.86	83.19	99.86	99.86	99.88	99.86	99.88	99.88	99.86	87.39	59.88	85.59	99.83	99.88	99.86	99.8	99.88	85.59	87.39	99.86	99.88	83.19	99.86	99.83	99.86	99.86	99.83	99.88	99.86	99.88	99.83	99.86	99.83	99.86	99.83	99.83	99.83	99.83	99.86	99.86	100	85.59	99.88	99.88	99.88	99.86	99.88	85.59	99.88	71.33	99.88	99.86	85.59	99.83	99.83	99.88	83.19	99.88	85.59	99.88	99.86	99.88	87.39	99.86	99.86
2yr-WT-7F	87.39	87.39	99.89	85.59	99.89	99.88	99.89	99.89	88.79	99.88	99.88	99.88	99.88	89.91	88.79	99.88	87.39	87.39	87.39	87.39	87.39	87.39	99.86	87.39	99.88	99.88	99.88	99.89	99.88	87.39	99.89	88.79	99.89	99.88	88.79	88.79	88.79	99.89	88.79	88.79	99.88	99.89	87.39	87.39	99.89	77.69	88.79	99.88	88.79	87.39	99.88	87.39	88.79	88.79	99.89	99.89	99.89	88.79	87.39	87.39	99.88	88.79	99.86	87.39	99.89	99.88	99.89	88.79	99.89	100	99.89	88.79	88.79	99.89	99.89	77.69	99.89	77.69	88.79	99.88	77.69	88.79	99.88	99.89	88.79	99.89	88.79	99.89	99.89	99.89	88.79	88.79	99.89
2yr-WT-8F	49.92	66.56	99.83	49.92	99.83	99.83	99.83	99.83	33.28	99.83	83.19	99.8	83.19	59.88	66.56	83.19	66.56	49.92	66.56	66.56	49.92	33.28	74.81	49.92	99.83	99.83	99.8	99.8	99.83	83.19	99.8	66.56	83.19	83.19	66.56	66.56	79.84	66.56	33.28	33.28	99.83	83.19	49.92	83.19	83.19	66.56	33.28	99.83	83.19	66.56	99.83	83.19	99.83	66.56	83.19	83.19	83.19	83.19	49.92	66.56	99.83	66.56	99.83	49.92	99.83	74.81	99.83	66.56	99.83	66.56	100	49.92	66.56	99.83	99.83	49.92	99.83	19.96	83.19	99.8	66.56	83.19	99.75	99.83	83.19	99.83	79.84	99.83	99.83	99.8	79.84	66.56	99.83
2yr-WT-10M	89.91	99.9	89.91	99.89	89.91	89.91	89.91	89.91	89.91	89.91	89.91	88.79	89.91	79.92	79.92	88.79	99.9	99.9	99.9	99.9	89.91	89.91	99.88	79.92	89.91	79.92	89.91	88.79	89.91	79.92	89.91	99.9	89.91	89.91	99.9	99.9	99.89	79.92	88.79	87.39	88.79	89.91	99.9	99.89	89.91	99.9	89.91	89.91	99.9	89.91	89.91	99.9	77.69	99.9	88.79	89.91	77.69	99.9	99.9	99.9	89.91	89.91	88.79	99.89	88.79	88.79	89.91	88.79	88.79	79.92	89.91	100	99.9	88.79	89.91	89.91	88.79	79.92	99.9	88.79	89.91	99.89	99.86	79.92	77.69	89.91	74.91	88.79	89.91	88.79	99.9	99.9	88.79
2yr-WT-4M	76.86	99.92	76.86	81.74	84.55	84.55	84.55	76.86	74.94	83.26	76.86	81.74	92.24	66.61	76.86	91.59	76.86	84.55	84.55	84.55	83.26	76.86	99.89	84.55	84.55	76.86	83.26	69.93	84.55	76.86	83.26	76.86	92.24	92.24	99.92	76.86	81.74	84.55	74.94	72.66	83.26	76.86	91.59	90.83	92.24	99.92	83.26	84.55	92.24	76.86	84.55	92.24	74.94	84.55	74.94	76.86	83.26	92.24	83.26	99.92	84.55	76.86	84.55	90.83	83.26	79.92	84.55	74.94	81.74	84.55	83.26	84.55	100	83.26	84.55	69.18	83.26	81.74	92.24	83.26	84.55	91.59	88.79	76.86	74.94	84.55	74.91	83.26	84.55	88.79	90.83	84.55	83.26
2yr-WT-9M	66.61	81.74	99.92	69.93	99.92	99.92	99.92	92.24	58.28	99.92	91.59	99.91	91.59	74.94	83.26	83.26	83.26	66.61	83.26	83.26	72.66	58.28	77.69	66.61	99.91	99.92	99.91	89.91	91.59	91.59	99.92	76.86	92.24	83.26	84.55	76.86	91.59	84.55	69.18	69.18	91.59	84.55	72.66	90.83	91.59	74.94	66.61	99.92	92.24	81.74	99.91	91.59	99.92	84.55	92.24	92.24	92.24	84.55	69.93	83.26	91.59	84.55	99.91	72.66	99.92	88.79	99.92	76.86	99.92	84.55	99.92	69.18	84.55	100	92.24	69.18	99.92	63.58	92.24	99.92	84.55	92.24	99.9	92.24	92.24	99.92	89.91	99.92	99.92	99.9	91.59	83.26	99.92
2yr-Het-2F	74.91	77.69	99.89	74.91	99.89	99.89	99.89	99.89	66.59	99.89	99.89	99.89	88.79	74.91	74.91	87.39	88.79	77.69	87.39	88.79	62.42	66.59	85.59	66.59	99.89	99.89	99.89	99.89	99.89	88.79	99.89	88.79	88.79	88.79	77.69	87.39	88.79	77.69	62.42	62.42	99.89	99.89	74.91	87.39	88.79	77.69	66.59	99.89	88.79	77.69	99.89	88.79	88.79	88.79	99.89	99.89	88.79	88.79	74.91	77.69	99.89	87.39	99.89	74.91	99.89	87.39	99.89	88.79	99.89	77.69	99.89	77.69	77.69	99.89	100	77.69	99.88	49.94	88.79	99.88	77.69	88.79	99.88	99.89	88.79	99.89	87.39	99.88	99.89	99.88	87.39	88.79	99.89
2yr-Het-6F	84.55	84.55	86.61	83.26	85.65	86.61	86.61	86.61	74.94	85.65	86.61	84.55	79.95	76.86	76.86	72.66	93.27	86.61	93.27	92.79	78.52	71.38	81.74	73.28	79.95	79.95	85.65	84.55	86.61	92.79	85.65	92.79	79.95	78.52	85.65	92.24	91.59	71.38	69.18	74.94	84.55	86.61	84.55	91.59	79.95	86.61	78.52	86.61	92.24	85.65	86.61	92.79	76.86	92.79	85.65	85.65	66.61	92.79	84.55	85.65	84.55	85.65	81.74	85.65	85.65	76.86	85.65	85.65	83.26	71.38	86.61	85.65	85.65	84.55	84.55	100	84.55	85.65	92.24	84.55	99.93	92.24	90.83	79.95	92.79	85.65	90.83	85.65	86.61	81.74	86.61	93.27	85.65
2yr-Het-7F	59.88	99.8	99.8	79.84	99.8	99.8	99.75	99.8	59.88	99.8	79.84	99.75	99.8	74.81	79.84	99.8	79.84	79.84	79.84	79.84	79.84	59.88	99.75	79.84	99.75	99.8	99.75	99.75	99.8	79.84	99.75	79.84	99.8	99.8	99.8	79.84	99.75	79.84	59.88	59.88	99.8	79.84	79.84	99.8	99.75	99.8	59.88	99.8	99.8	74.81	99.8	99.8	99.8	79.84	79.84	79.84	99.8	99.8	79.84	99.8	99.8	79.84	99.8	79.84	99.8	99.67	99.8	79.84	99.8	79.84	99.8	79.84	99.8	99.8	99.8	59.88	100	49.88	99.8	99.8	79.84	99.8	99.75	99.8	79.84	99.8	79.84	99.8	99.8	99.8	99.75	74.81	99.8
2yr-Het-8F	87.39	85.59	88.79	71.33	88.79	77.69	88.79	88.79	85.59	87.39	87.39	88.79	87.39	88.79	85.59	71.33	87.39	87.39	87.39	87.39	87.39	87.39	85.59	87.39	87.39	87.39	85.59	87.39	87.39	99.88	89.91	88.79	89.91	88.79	89.91	88.79	87.39	79.92	77.69	88.79	85.59	89.91	87.39	85.59	88.79	69.93	72.66	87.39	88.79	87.39	88.79	85.59	88.79	88.79	88.79	88.79	87.39	88.79	85.59	87.39	85.59	88.79	83.19	87.39	90.83	89.91	90.83	89.91	89.91	89.91	88.79	89.91	89.91	90.83	90.83	90.83	89.91	100	88.79	89.91	90.83	89.91	88.79	90.83	99.91	89.91	89.91	79.92	89.91	79.92	69.93	88.79	88.79
2yr-Het-1M	74.91	88.79	99.89	71.33	99.9	99.9	99.89	99.89	66.59	99.9	89.91	99.89	88.79	87.39	87.39	88.79	89.91	79.92	88.79	89.91	71.33	69.93	85.59	77.69	99.89	99.89	99.88	99.86	99.9	88.79	99.89	89.91	89.91	89.91	89.91	88.79	99.89	79.92	62.42	66.59	99.9	89.91	74.91	99.86	89.91	88.79	66.59	99.9	99.9	88.79	99.9	99.9	99.9	88.79	88.79	89.91	89.91	99.9	71.33	89.91	99.89	87.39	99.89	71.33	99.89	85.59	99.9	89.91	99.9	77.69	99.89	79.92	89.91	99.9	99.9	77.69	99.89	57.06	100	99.9	88.79	99.9	99.89	99.9	88.79	99.9	87.39	99.89	99.89	99.88	99.88	88.79	99.9
2yr-Het-3M	81.74	90.83	91.59	79.92	99.92	99.92	99.91	83.26	63.58	99.91	99.92	99.92	91.59	72.66	90.83	81.74	91.59	74.94	99.92	99.92	69.93	66.61	79.92	74.94	99.91	99.92	99.92	81.74	92.24	91.59	99.92	83.26	91.59	83.26	91.59	81.74	91.59	84.55	72.66	72.66	91.59	92.24	89.91	99.9	90.83	90.83	81.74	99.92	99.92	81.74	99.91	99.92	91.59	99.92	99.92	99.92	91.59	91.59	77.69	91.59	91.59	99.91	99.92	89.91	99.92	79.92	99.92	91.59	99.91	83.26	99.91	74.94	91.59	99.92	91.59	74.94	99.91	69.93	99.92	100	91.59	99.92	99.91	91.59	91.59	99.92	87.39	99.91	99.92	99.88	99.9	99.91	99.92
2yr-Het-4M	62.42	85.59	74.91	71.33	74.91	74.91	74.91	74.91	57.06	74.91	62.42	71.33	74.91	71.33	74.91	74.91	74.91	74.91	74.91	74.91	71.33	62.42	79.84	74.91	74.91	74.91	71.33	66.56	74.91	87.39	71.33	74.91	74.91	74.91	87.39	74.91	85.59	62.42	62.42	62.42	74.91	62.42	71.33	85.59	74.91	87.39	57.06	74.91	87.39	74.91	74.91	87.39	62.42	74.91	62.42	62.42	74.91	87.39	71.33	87.39	74.91	74.91	74.91	71.33	74.91	79.84	74.91	74.91	74.91	62.42	71.33	74.91	87.39	74.91	74.91	87.39	74.91	83.19	87.39	85.59	100	87.39	83.19	74.91	87.39	74.91	85.59	74.91	74.91	71.33	85.59	74.91	74.91
2yr-Het-5M	88.79	89.91	99.9	87.39	99.91	99.91	99.9	99.9	79.92	99.91	99.91	99.91	89.91	79.92	77.69	89.91	99.91	90.83	99.9	99.91	74.91	81.74	88.79	69.93	99.9	89.91	99.9	99.89	99.91	89.91	99.91	99.91	90.83	90.83	90.83	99.9	99.91	81.74	77.69	77.69	99.91	99.91	88.79	99.88	90.83	89.91	79.92	99.91	99.91	89.91	99.91	99.91	90.83	99.9	99.9	99.91	81.74	99.91	87.39	90.83	99.9	88.79	99.9	85.59	99.9	77.69	99.91	90.83	99.9	79.92	99.9	90.83	90.83	99.91	99.91	89.91	99.89	66.59	99.91	90.83	89.91	100	99.9	90.83	89.91	99.91	87.39	99.89	99.9	99.88	99.9	99.9	99.91
2yr-KO-4F	83.19	99.86	99.86	99.83	99.86	99.86	99.86	99.86	85.59	99.86	99.86	99.83	99.86	85.59	85.59	99.83	99.86	99.86	99.86	99.86	85.59	71.33	99.86	85.59	85.59	99.86	99.86	99.83	99.86	83.19	99.83	99.86	99.86	99.86	99.86	99.83	99.86	85.59	85.59	85.59	99.86	99.86	99.86	99.86	99.86	99.86	85.59	99.86	99.83	85.59	99.86	99.86	85.59	99.86	99.86	99.86	99.86	99.83	99.86	99.86	99.86	99.86	99.83	99.86	99.86	99.86	99.86	99.86	99.83	85.59	99.86	99.86	99.83	99.83	99.83	85.59	99.86	71.33	99.83	99.83	85.59	99.86	100	99.86	85.59	99.83	85.59	99.86	99.86	99.83	99.86	99.86	99.86
2yr-KO-7F	77.69	74.91	88.79	57.06	99.89	99.89	99.88	88.79	49.94	99.88	99.89	99.89	88.79	66.59	77.69	87.39	77.69	66.59	88.79	88.79	49.94	55.49	85.59	66.59	99.88	99.89	99.89	87.39	99.89	88.79	99.89	77.69	88.79	88.79	77.69	77.69	77.69	77.69	55.49	55.49	99.89	99.89	74.91	87.39	87.39	77.69	62.42	99.89	88.79	62.42	99.89	88.79	99.89	88.79	99.89	99.89	88.79	88.79	62.42	77.69	99.89	88.79	99.89	74.91	99.89	66.56	99.89	88.79	99.88	77.69	99.88	66.59	77.69	99.89	99.89	66.59	99.89	49.94	88.79	99.88	77.69	88.79	99.88	100	88.79	99.89	83.19	99.89	99.89	99.83	87.39	87.39	99.89
2yr-KO-8F	76.86	83.26	92.24	63.58	99.92	99.92	99.92	92.24	61.49	99.91	91.59	99.92	91.59	63.58	74.94	90.83	76.86	69.18	84.55	83.26	66.61	61.49	90.83	66.61	99.91	91.59	99.92	91.59	99.92	99.91	99.91	76.86	91.59	91.59	83.26	74.94	83.26	84.55	58.28	54.5	99.92	91.59	76.86	91.59	90.83	84.55	69.18	99.92	92.24	72.66	99.92	91.59	99.92	84.55	91.59	91.59	83.26	91.59	69.18	83.26	99.92	74.94	99.91	74.94	99.92	66.59	99.92	76.86	99.91	84.55	99.92	66.61	83.26	99.92	99.92	74.94	99.91	72.66	92.24	91.59	92.24	92.24	99.9	91.59	100	99.92	99.9	99.92	99.92	99.9	89.91	81.74	99.92
2yr-KO-9F	66.59	79.92	99.9	66.59	99.9	99.9	99.9	99.9	55.49	99.9	89.91	99.89	89.91	74.91	77.69	87.39	77.69	66.59	79.92	77.69	66.59	59.94	83.19	69.93	99.9	99.9	99.89	99.89	99.9	89.91	99.88	77.69	89.91	89.91	79.92	79.92	88.79	79.92	44.4	59.94	99.9	89.91	69.93	89.91	89.91	79.92	59.94	99.9	89.91	79.92	99.9	88.79	99.9	79.92	89.91	89.91	89.91	89.91	69.93	79.92	99.9	79.92	99.89	69.93	99.9	85.59	99.89	79.92	99.9	79.92	99.9	69.93	79.92	99.9	99.9	69.93	99.9	49.94	89.91	99.88	79.92	88.79	99.86	99.9	89.91	100	88.79	99.9	99.9	99.89	77.69	79.92	99.9
2yr-KO-10M	62.42	74.91	87.39	71.33	87.39	87.39	85.59	87.39	62.42	87.39	87.39	87.39	87.39	62.42	62.42	85.59	74.91	74.91	74.91	74.91	62.42	62.42	85.59	62.42	85.59	87.39	87.39	87.39	87.39	99.88	87.39	74.91	87.39	87.39	74.91	74.91	74.91	74.91	62.42	62.42	87.39	87.39	74.91	74.91	85.59	74.91	62.42	87.39	74.91	57.06	87.39	74.91	74.91	74.91	87.39	87.39	87.39	74.91	74.91	74.91	87.39	74.91	87.39	74.91	87.39	83.19	87.39	74.91	87.39	74.91	87.39	74.91	74.91	87.39	87.39	87.39	87.39	74.91	74.91	85.59	87.39	74.91	85.59	87.39	99.88	87.39	100	87.39	87.39	87.39	74.91	71.33	87.39
2yr-KO-11M	49.92	83.19	99.83	59.88	99.83	99.83	99.83	99.83	49.92	99.83	83.19	99.8	99.83	59.88	66.56	99.8	66.56	66.56	66.56	66.56	66.56	49.92	99.75	66.56	99.83	99.83	99.8	99.8	99.83	83.19	99.8	66.56	99.83	99.83	83.19	66.56	79.84	83.19	49.92	49.92	99.83	83.19	66.56	83.19	99.83	83.19	49.92	99.83	83.19	66.56	99.83	83.19	99.83	66.56	83.19	83.19	99.83	83.19	66.56	83.19	99.83	66.56	99.83	66.56	99.83	99.75	99.83	66.56	99.83	83.19	99.83	66.56	83.19	99.83	99.83	49.92	99.83	39.92	83.19	99.8	66.56	83.19	99.75	99.83	83.19	99.83	83.19	100	99.83	99.83	79.84	66.56	99.83
2yr-KO-12M	76.86	83.26	93.27	66.61	99.93	99.94	99.94	93.69	54.5	99.93	93.27	99.93	93.69	69.93	83.26	91.59	79.95	69.18	85.65	85.65	63.58	61.49	85.59	79.95	99.93	99.94	99.92	92.24	99.93	93.27	99.92	76.86	93.27	92.79	86.61	76.86	83.26	85.65	45.41	61.49	99.94	92.79	72.66	91.59	93.27	85.65	69.18	99.93	92.79	78.52	99.93	93.27	99.92	84.55	93.27	92.24	92.79	92.79	63.58	84.55	99.92	84.55	99.93	76.86	99.93	77.69	99.93	86.61	99.92	84.55	99.92	69.18	85.65	99.93	99.93	73.28	99.92	55.49	92.79	99.93	84.55	92.79	99.92	99.93	93.69	99.93	90.83	99.92	100	99.91	83.26	85.65	99.94
2yr-KO-1M	66.59	90.83	99.91	81.74	99.91	99.91	99.91	99.91	72.66	99.91	90.83	99.89	99.91	74.91	77.69	99.91	79.92	79.92	79.92	79.92	77.69	72.66	99.83	81.74	99.91	99.91	99.9	99.89	99.91	90.83	99.89	79.92	99.91	99.91	90.83	79.92	88.79	90.83	62.42	66.59	99.9	90.83	79.92	88.79	99.91	90.83	72.66	99.91	90.83	81.74	99.91	89.91	89.91	81.74	89.91	90.83	99.9	90.83	79.92	90.83	99.91	79.92	99.9	79.92	99.9	99.88	99.9	79.92	99.91	90.83	99.91	81.74	90.83	99.9	99.91	72.66	99.9	62.42	90.83	99.89	81.74	89.91	99.86	99.91	89.91	99.91	89.91	99.9	99.91	100	88.79	81.74	99.9
2yr-KO-2M	85.59	99.86	99.86	99.83	99.86	99.86	99.83	99.86	85.59	99.86	99.86	99.86	99.86	85.59	85.59	99.83	99.86	99.86	99.86	99.86	85.59	85.59	99.86	85.59	99.83	99.86	99.86	99.86	99.86	85.59	99.86	99.86	99.86	99.86	99.86	99.86	99.86	85.59	85.59	85.59	99.86	99.86	99.86	99.86	99.83	99.86	85.59	99.86	99.86	83.19	99.86	99.86	85.59	99.86	99.86	99.86	99.86	99.86	99.86	99.86	99.86	99.86	99.86	99.86	99.86	99.83	99.86	99.86	99.86	85.59	99.86	99.86	99.86	99.86	99.86	85.59	99.86	71.33	99.86	99.86	85.59	99.86	99.86	99.86	85.59	99.86	85.59	99.86	99.86	99.86	100	99.83	99.86
2yr-KO-3M	79.84	79.84	99.8	74.81	99.8	99.8	99.8	99.8	59.88	99.8	99.8	99.8	79.84	79.84	79.84	74.81	99.8	79.84	99.8	99.8	59.88	59.88	79.84	59.88	99.8	99.8	99.8	99.8	99.8	79.84	99.8	99.8	79.84	79.84	79.84	99.8	99.8	59.88	59.88	59.88	99.8	99.8	79.84	99.8	79.84	79.84	59.88	99.8	99.8	79.84	99.8	99.8	99.8	99.8	99.8	99.8	79.84	99.8	79.84	79.84	99.8	99.8	99.8	79.84	99.8	79.84	99.8	99.8	99.8	59.88	99.8	79.84	79.84	99.8	99.8	79.84	99.8	39.92	99.8	99.8	79.84	99.8	99.8	99.8	79.84	99.8	74.81	99.8	99.8	99.75	99.8	100	99.8
2yr-KO-6M	62.42	77.69	99.89	62.42	99.89	99.89	99.89	99.89	55.49	99.89	88.79	99.88	88.79	57.06	62.42	87.39	77.69	66.59	74.91	77.69	62.42	55.49	83.19	55.49	99.89	88.79	99.88	99.88	99.89	88.79	99.88	77.69	88.79	88.79	77.69	74.91	87.39	77.69	49.94	42.8	99.89	88.79	62.42	87.39	88.79	77.69	55.49	99.89	88.79	77.69	99.89	88.79	99.89	77.69	88.79	88.79	77.69	88.79	62.42	77.69	99.89	62.42	99.89	57.06	99.89	71.33	99.89	66.59	99.88	77.69	99.89	66.59	77.69	99.89	99.89	66.59	99.86	42.8	88.79	87.39	77.69	88.79	99.83	88.79	88.79	99.89	85.59	99.86	99.89	99.86	85.59	77.69	100
