Sample	MG-Sal-WT-1F	MG-Sal-WT-2F	MG-Sal-WT-3M	MG-Sal-WT-4M	MG-Sal-KO-1F	MG-Sal-KO-2F	MG-Sal-KO-3F	MG-LPS-WT-10F	MG-LPS-WT-11F	MG-LPS-WT-12F	MG-LPS-WT-5F	MG-LPS-WT-6F	MG-LPS-WT-11M	MG-LPS-WT-1M	MG-LPS-WT-8M	MG-LPS-WT-9M	MG-LPS-Het-10F	MG-LPS-Het-6F	MG-LPS-Het-9F	MG-LPS-Het-3M	MG-LPS-Het-4M	MG-LPS-Het-5M	MG-LPS-Het-7M	MG-LPS-Het-8M	MG-LPS-KO-12F	MG-LPS-KO-13F	MG-LPS-KO-8F	MG-LPS-KO-9F	MG-LPS-KO-10M	MG-LPS-KO-11M	MG-LPS-KO-14M	PC-Sal-WT-1F	PC-Sal-WT-2F	PC-Sal-WT-3M	PC-Sal-WT-4M	PC-Sal-KO-1F	PC-Sal-KO-2F	PC-Sal-KO-3F	PC-LPS-WT-10F	PC-LPS-WT-11F	PC-LPS-WT-12F	PC-LPS-WT-5F	PC-LPS-WT-6F	PC-LPS-WT-11M	PC-LPS-WT-1M	PC-LPS-WT-8M	PC-LPS-WT-9M	PC-LPS-Het-10F	PC-LPS-Het-6F	PC-LPS-Het-9F	PC-LPS-Het-3M	PC-LPS-Het-4M	PC-LPS-Het-5M	PC-LPS-Het-7M	PC-LPS-Het-8M	PC-LPS-KO-12F	PC-LPS-KO-13F	PC-LPS-KO-8F	PC-LPS-KO-9F	PC-LPS-KO-10M	PC-LPS-KO-11M	PC-LPS-KO-14M
MG-Sal-WT-1F	1	0.911	0.914	0.914	0.912	0.913	0.917	0.879	0.895	0.89	0.898	0.896	0.887	0.911	0.889	0.886	0.895	0.887	0.893	0.875	0.881	0.888	0.912	0.891	0.892	0.908	0.89	0.89	0.892	0.886	0.883	0.627	0.638	0.661	0.648	0.644	0.648	0.648	0.579	0.607	0.591	0.617	0.59	0.588	0.629	0.597	0.617	0.591	0.588	0.592	0.607	0.591	0.613	0.642	0.598	0.592	0.638	0.595	0.628	0.617	0.615	0.614
MG-Sal-WT-2F	0.911	1	0.914	0.911	0.913	0.911	0.907	0.886	0.897	0.89	0.897	0.897	0.887	0.904	0.887	0.887	0.894	0.891	0.892	0.885	0.889	0.892	0.912	0.894	0.893	0.909	0.892	0.895	0.896	0.889	0.887	0.634	0.65	0.666	0.654	0.654	0.659	0.653	0.589	0.619	0.61	0.63	0.609	0.604	0.641	0.614	0.631	0.604	0.598	0.608	0.621	0.602	0.626	0.655	0.613	0.603	0.646	0.608	0.638	0.627	0.63	0.627
MG-Sal-WT-3M	0.914	0.914	1	0.925	0.915	0.917	0.917	0.881	0.897	0.895	0.9	0.898	0.889	0.915	0.89	0.889	0.897	0.892	0.899	0.884	0.888	0.894	0.918	0.897	0.896	0.917	0.89	0.897	0.899	0.891	0.89	0.626	0.647	0.669	0.657	0.653	0.657	0.655	0.583	0.613	0.595	0.622	0.598	0.592	0.632	0.608	0.625	0.594	0.59	0.596	0.611	0.595	0.622	0.654	0.606	0.597	0.645	0.6	0.637	0.626	0.625	0.624
MG-Sal-WT-4M	0.914	0.911	0.925	1	0.911	0.914	0.913	0.88	0.899	0.889	0.899	0.899	0.887	0.909	0.888	0.886	0.895	0.891	0.897	0.88	0.889	0.893	0.915	0.896	0.894	0.916	0.892	0.897	0.896	0.89	0.889	0.634	0.651	0.671	0.659	0.659	0.661	0.663	0.591	0.619	0.601	0.628	0.604	0.601	0.64	0.616	0.631	0.601	0.598	0.603	0.618	0.602	0.628	0.659	0.613	0.604	0.648	0.606	0.642	0.632	0.63	0.629
MG-Sal-KO-1F	0.912	0.913	0.915	0.911	1	0.915	0.913	0.888	0.896	0.889	0.901	0.904	0.889	0.905	0.891	0.885	0.898	0.891	0.895	0.88	0.891	0.893	0.913	0.894	0.897	0.911	0.897	0.895	0.896	0.89	0.891	0.619	0.635	0.657	0.643	0.642	0.647	0.649	0.575	0.602	0.586	0.615	0.59	0.584	0.629	0.597	0.614	0.587	0.586	0.591	0.602	0.588	0.611	0.643	0.596	0.588	0.631	0.588	0.624	0.613	0.614	0.61
MG-Sal-KO-2F	0.913	0.911	0.917	0.914	0.915	1	0.913	0.883	0.897	0.892	0.9	0.903	0.891	0.912	0.89	0.886	0.898	0.889	0.893	0.876	0.889	0.894	0.909	0.895	0.895	0.912	0.896	0.894	0.899	0.888	0.887	0.62	0.632	0.654	0.643	0.637	0.645	0.648	0.573	0.603	0.586	0.614	0.588	0.583	0.628	0.596	0.615	0.584	0.582	0.586	0.604	0.584	0.61	0.642	0.596	0.588	0.631	0.588	0.624	0.612	0.615	0.61
MG-Sal-KO-3F	0.917	0.907	0.917	0.913	0.913	0.913	1	0.875	0.894	0.889	0.897	0.898	0.887	0.912	0.886	0.881	0.892	0.878	0.893	0.871	0.879	0.887	0.912	0.892	0.893	0.911	0.886	0.888	0.891	0.888	0.885	0.606	0.628	0.653	0.637	0.637	0.641	0.64	0.565	0.598	0.579	0.608	0.581	0.571	0.614	0.589	0.605	0.582	0.576	0.578	0.592	0.577	0.604	0.633	0.585	0.581	0.628	0.582	0.616	0.604	0.605	0.604
MG-LPS-WT-10F	0.879	0.886	0.881	0.88	0.888	0.883	0.875	1	0.915	0.907	0.908	0.903	0.908	0.872	0.912	0.913	0.918	0.915	0.908	0.9	0.918	0.919	0.885	0.913	0.912	0.886	0.916	0.907	0.909	0.909	0.907	0.685	0.676	0.698	0.692	0.681	0.688	0.681	0.643	0.662	0.648	0.661	0.648	0.654	0.691	0.659	0.672	0.65	0.645	0.654	0.659	0.643	0.669	0.697	0.658	0.654	0.683	0.651	0.688	0.674	0.675	0.674
MG-LPS-WT-11F	0.895	0.897	0.897	0.899	0.896	0.897	0.894	0.915	1	0.914	0.914	0.909	0.914	0.891	0.914	0.913	0.921	0.919	0.915	0.896	0.912	0.916	0.896	0.92	0.919	0.9	0.916	0.918	0.916	0.914	0.912	0.673	0.679	0.704	0.696	0.68	0.692	0.683	0.636	0.658	0.645	0.663	0.647	0.646	0.675	0.654	0.67	0.647	0.643	0.65	0.66	0.645	0.669	0.692	0.658	0.653	0.678	0.65	0.678	0.668	0.673	0.673
MG-LPS-WT-12F	0.89	0.89	0.895	0.889	0.889	0.892	0.889	0.907	0.914	1	0.91	0.903	0.911	0.892	0.913	0.912	0.921	0.916	0.917	0.899	0.911	0.915	0.894	0.917	0.914	0.894	0.912	0.917	0.911	0.912	0.907	0.669	0.675	0.701	0.687	0.679	0.688	0.679	0.634	0.659	0.646	0.667	0.643	0.639	0.674	0.655	0.674	0.65	0.642	0.646	0.659	0.641	0.669	0.692	0.655	0.651	0.681	0.649	0.679	0.672	0.675	0.677
MG-LPS-WT-5F	0.898	0.897	0.9	0.899	0.901	0.9	0.897	0.908	0.914	0.91	1	0.91	0.909	0.896	0.913	0.911	0.912	0.91	0.91	0.893	0.91	0.914	0.904	0.915	0.913	0.896	0.912	0.915	0.914	0.91	0.905	0.653	0.661	0.688	0.673	0.665	0.674	0.669	0.615	0.64	0.627	0.643	0.628	0.625	0.658	0.636	0.651	0.628	0.628	0.631	0.64	0.624	0.648	0.675	0.634	0.632	0.662	0.627	0.659	0.65	0.657	0.653
MG-LPS-WT-6F	0.896	0.897	0.898	0.899	0.904	0.903	0.898	0.903	0.909	0.903	0.91	1	0.901	0.896	0.901	0.9	0.906	0.901	0.902	0.887	0.904	0.907	0.899	0.905	0.906	0.896	0.907	0.905	0.905	0.899	0.899	0.641	0.646	0.675	0.662	0.651	0.663	0.656	0.602	0.625	0.614	0.631	0.613	0.615	0.652	0.625	0.636	0.616	0.609	0.613	0.625	0.609	0.633	0.661	0.623	0.616	0.648	0.616	0.645	0.634	0.64	0.638
MG-LPS-WT-11M	0.887	0.887	0.889	0.887	0.889	0.891	0.887	0.908	0.914	0.911	0.909	0.901	1	0.884	0.911	0.913	0.916	0.913	0.917	0.9	0.905	0.915	0.887	0.916	0.914	0.889	0.912	0.908	0.907	0.912	0.908	0.663	0.67	0.697	0.69	0.676	0.684	0.677	0.63	0.655	0.642	0.661	0.642	0.644	0.673	0.651	0.67	0.642	0.639	0.646	0.658	0.639	0.668	0.693	0.653	0.645	0.676	0.645	0.672	0.667	0.673	0.67
MG-LPS-WT-1M	0.911	0.904	0.915	0.909	0.905	0.912	0.912	0.872	0.891	0.892	0.896	0.896	0.884	1	0.883	0.88	0.89	0.883	0.896	0.872	0.877	0.888	0.911	0.889	0.889	0.901	0.887	0.888	0.895	0.884	0.884	0.603	0.62	0.646	0.629	0.623	0.631	0.628	0.559	0.59	0.571	0.601	0.57	0.567	0.61	0.585	0.6	0.573	0.569	0.571	0.591	0.568	0.598	0.625	0.583	0.576	0.617	0.576	0.608	0.599	0.598	0.6
MG-LPS-WT-8M	0.889	0.887	0.89	0.888	0.891	0.89	0.886	0.912	0.914	0.913	0.913	0.901	0.911	0.883	1	0.908	0.915	0.908	0.913	0.893	0.908	0.917	0.892	0.911	0.912	0.882	0.909	0.908	0.909	0.91	0.908	0.662	0.659	0.682	0.675	0.661	0.67	0.667	0.619	0.643	0.628	0.648	0.629	0.633	0.669	0.643	0.658	0.635	0.629	0.635	0.647	0.626	0.654	0.678	0.641	0.638	0.663	0.632	0.663	0.657	0.663	0.661
MG-LPS-WT-9M	0.886	0.887	0.889	0.886	0.885	0.886	0.881	0.913	0.913	0.912	0.911	0.9	0.913	0.88	0.908	1	0.916	0.918	0.911	0.9	0.909	0.917	0.894	0.918	0.91	0.895	0.912	0.91	0.916	0.913	0.911	0.69	0.688	0.712	0.704	0.694	0.699	0.691	0.647	0.67	0.659	0.67	0.657	0.661	0.691	0.664	0.682	0.656	0.652	0.663	0.669	0.655	0.68	0.707	0.668	0.658	0.695	0.658	0.695	0.689	0.686	0.685
MG-LPS-Het-10F	0.895	0.894	0.897	0.895	0.898	0.898	0.892	0.918	0.921	0.921	0.912	0.906	0.916	0.89	0.915	0.916	1	0.921	0.916	0.901	0.916	0.922	0.898	0.921	0.919	0.9	0.919	0.917	0.915	0.916	0.913	0.67	0.673	0.696	0.685	0.68	0.685	0.681	0.628	0.652	0.637	0.661	0.636	0.635	0.675	0.648	0.666	0.639	0.634	0.641	0.656	0.634	0.66	0.69	0.649	0.647	0.68	0.641	0.678	0.666	0.67	0.665
MG-LPS-Het-6F	0.887	0.891	0.892	0.891	0.891	0.889	0.878	0.915	0.919	0.916	0.91	0.901	0.913	0.883	0.908	0.918	0.921	1	0.915	0.903	0.919	0.919	0.892	0.922	0.919	0.9	0.919	0.919	0.917	0.921	0.916	0.683	0.684	0.704	0.697	0.685	0.697	0.69	0.646	0.665	0.65	0.671	0.652	0.658	0.685	0.659	0.68	0.65	0.649	0.657	0.663	0.652	0.675	0.7	0.665	0.659	0.69	0.655	0.689	0.679	0.684	0.681
MG-LPS-Het-9F	0.893	0.892	0.899	0.897	0.895	0.893	0.893	0.908	0.915	0.917	0.91	0.902	0.917	0.896	0.913	0.911	0.916	0.915	1	0.9	0.907	0.915	0.893	0.916	0.916	0.897	0.913	0.914	0.913	0.919	0.914	0.664	0.674	0.705	0.689	0.68	0.69	0.682	0.632	0.659	0.641	0.663	0.643	0.64	0.671	0.652	0.671	0.643	0.637	0.641	0.657	0.636	0.666	0.692	0.656	0.649	0.682	0.646	0.674	0.671	0.671	0.673
MG-LPS-Het-3M	0.875	0.885	0.884	0.88	0.88	0.876	0.871	0.9	0.896	0.899	0.893	0.887	0.9	0.872	0.893	0.9	0.901	0.903	0.9	1	0.907	0.9	0.882	0.905	0.9	0.885	0.902	0.895	0.898	0.903	0.9	0.676	0.679	0.703	0.695	0.685	0.69	0.685	0.641	0.662	0.651	0.669	0.654	0.653	0.683	0.659	0.677	0.65	0.645	0.657	0.666	0.651	0.676	0.698	0.661	0.652	0.685	0.658	0.683	0.678	0.677	0.673
MG-LPS-Het-4M	0.881	0.889	0.888	0.889	0.891	0.889	0.879	0.918	0.912	0.911	0.91	0.904	0.905	0.877	0.908	0.909	0.916	0.919	0.907	0.907	1	0.917	0.891	0.914	0.913	0.9	0.919	0.914	0.913	0.912	0.909	0.687	0.685	0.702	0.697	0.689	0.695	0.692	0.65	0.667	0.652	0.674	0.657	0.658	0.693	0.662	0.68	0.655	0.651	0.66	0.663	0.655	0.674	0.702	0.666	0.659	0.693	0.659	0.692	0.682	0.681	0.68
MG-LPS-Het-5M	0.888	0.892	0.894	0.893	0.893	0.894	0.887	0.919	0.916	0.915	0.914	0.907	0.915	0.888	0.917	0.917	0.922	0.919	0.915	0.9	0.917	1	0.898	0.917	0.918	0.896	0.915	0.915	0.919	0.914	0.912	0.668	0.67	0.693	0.683	0.676	0.682	0.678	0.625	0.647	0.635	0.649	0.635	0.638	0.675	0.644	0.662	0.64	0.632	0.641	0.649	0.631	0.657	0.686	0.644	0.643	0.674	0.636	0.674	0.662	0.666	0.663
MG-LPS-Het-7M	0.912	0.912	0.918	0.915	0.913	0.909	0.912	0.885	0.896	0.894	0.904	0.899	0.887	0.911	0.892	0.894	0.898	0.892	0.893	0.882	0.891	0.898	1	0.898	0.896	0.913	0.893	0.899	0.906	0.898	0.894	0.636	0.651	0.671	0.655	0.655	0.66	0.658	0.586	0.615	0.601	0.628	0.601	0.596	0.639	0.613	0.627	0.6	0.593	0.6	0.615	0.597	0.624	0.656	0.61	0.602	0.648	0.602	0.639	0.628	0.63	0.629
MG-LPS-Het-8M	0.891	0.894	0.897	0.896	0.894	0.895	0.892	0.913	0.92	0.917	0.915	0.905	0.916	0.889	0.911	0.918	0.921	0.922	0.916	0.905	0.914	0.917	0.898	1	0.92	0.903	0.92	0.92	0.918	0.92	0.914	0.679	0.683	0.708	0.7	0.692	0.699	0.69	0.643	0.666	0.655	0.673	0.654	0.653	0.682	0.659	0.678	0.653	0.649	0.657	0.667	0.651	0.676	0.701	0.663	0.656	0.689	0.659	0.689	0.679	0.681	0.679
MG-LPS-KO-12F	0.892	0.893	0.896	0.894	0.897	0.895	0.893	0.912	0.919	0.914	0.913	0.906	0.914	0.889	0.912	0.91	0.919	0.919	0.916	0.9	0.913	0.918	0.896	0.92	1	0.9	0.918	0.917	0.913	0.918	0.912	0.668	0.677	0.699	0.69	0.68	0.689	0.683	0.631	0.656	0.644	0.663	0.646	0.64	0.676	0.65	0.669	0.644	0.642	0.646	0.655	0.637	0.669	0.69	0.653	0.647	0.681	0.646	0.678	0.667	0.673	0.674
MG-LPS-KO-13F	0.908	0.909	0.917	0.916	0.911	0.912	0.911	0.886	0.9	0.894	0.896	0.896	0.889	0.901	0.882	0.895	0.9	0.9	0.897	0.885	0.9	0.896	0.913	0.903	0.9	1	0.898	0.903	0.902	0.899	0.896	0.666	0.681	0.699	0.686	0.69	0.693	0.693	0.626	0.652	0.636	0.661	0.637	0.633	0.667	0.641	0.662	0.63	0.625	0.637	0.648	0.637	0.66	0.691	0.643	0.632	0.683	0.641	0.678	0.665	0.66	0.659
MG-LPS-KO-8F	0.89	0.892	0.89	0.892	0.897	0.896	0.886	0.916	0.916	0.912	0.912	0.907	0.912	0.887	0.909	0.912	0.919	0.919	0.913	0.902	0.919	0.915	0.893	0.92	0.918	0.898	1	0.915	0.916	0.917	0.913	0.677	0.682	0.7	0.694	0.684	0.693	0.686	0.64	0.662	0.645	0.667	0.649	0.65	0.684	0.653	0.672	0.648	0.643	0.652	0.662	0.648	0.669	0.697	0.658	0.652	0.682	0.652	0.684	0.672	0.676	0.672
MG-LPS-KO-9F	0.89	0.895	0.897	0.897	0.895	0.894	0.888	0.907	0.918	0.917	0.915	0.905	0.908	0.888	0.908	0.91	0.917	0.919	0.914	0.895	0.914	0.915	0.899	0.92	0.917	0.903	0.915	1	0.918	0.915	0.908	0.675	0.684	0.706	0.696	0.691	0.7	0.692	0.642	0.665	0.648	0.667	0.65	0.647	0.674	0.659	0.67	0.65	0.644	0.651	0.661	0.648	0.669	0.699	0.657	0.657	0.688	0.654	0.686	0.677	0.677	0.677
MG-LPS-KO-10M	0.892	0.896	0.899	0.896	0.896	0.899	0.891	0.909	0.916	0.911	0.914	0.905	0.907	0.895	0.909	0.916	0.915	0.917	0.913	0.898	0.913	0.919	0.906	0.918	0.913	0.902	0.916	0.918	1	0.915	0.91	0.669	0.674	0.696	0.686	0.677	0.688	0.678	0.623	0.645	0.633	0.654	0.633	0.636	0.67	0.645	0.66	0.634	0.627	0.639	0.646	0.632	0.657	0.685	0.644	0.639	0.676	0.636	0.673	0.663	0.665	0.661
MG-LPS-KO-11M	0.886	0.889	0.891	0.89	0.89	0.888	0.888	0.909	0.914	0.912	0.91	0.899	0.912	0.884	0.91	0.913	0.916	0.921	0.919	0.903	0.912	0.914	0.898	0.92	0.918	0.899	0.917	0.915	0.915	1	0.913	0.686	0.693	0.717	0.708	0.696	0.708	0.693	0.652	0.674	0.66	0.678	0.663	0.661	0.687	0.665	0.689	0.659	0.654	0.664	0.671	0.661	0.684	0.708	0.674	0.662	0.696	0.663	0.695	0.688	0.689	0.689
MG-LPS-KO-14M	0.883	0.887	0.89	0.889	0.891	0.887	0.885	0.907	0.912	0.907	0.905	0.899	0.908	0.884	0.908	0.911	0.913	0.916	0.914	0.9	0.909	0.912	0.894	0.914	0.912	0.896	0.913	0.908	0.91	0.913	1	0.672	0.68	0.7	0.693	0.677	0.69	0.682	0.636	0.658	0.643	0.664	0.646	0.645	0.678	0.652	0.67	0.645	0.639	0.647	0.66	0.644	0.669	0.695	0.657	0.648	0.678	0.647	0.679	0.671	0.676	0.671
PC-Sal-WT-1F	0.627	0.634	0.626	0.634	0.619	0.62	0.606	0.685	0.673	0.669	0.653	0.641	0.663	0.603	0.662	0.69	0.67	0.683	0.664	0.676	0.687	0.668	0.636	0.679	0.668	0.666	0.677	0.675	0.669	0.686	0.672	1	0.896	0.883	0.899	0.896	0.899	0.893	0.88	0.896	0.869	0.893	0.866	0.876	0.911	0.859	0.869	0.874	0.868	0.885	0.857	0.873	0.877	0.902	0.881	0.886	0.906	0.875	0.918	0.899	0.886	0.875
PC-Sal-WT-2F	0.638	0.65	0.647	0.651	0.635	0.632	0.628	0.676	0.679	0.675	0.661	0.646	0.67	0.62	0.659	0.688	0.673	0.684	0.674	0.679	0.685	0.67	0.651	0.683	0.677	0.681	0.682	0.684	0.674	0.693	0.68	0.896	1	0.895	0.903	0.913	0.912	0.914	0.864	0.888	0.855	0.887	0.859	0.85	0.881	0.842	0.848	0.848	0.845	0.865	0.842	0.86	0.862	0.887	0.863	0.868	0.902	0.862	0.908	0.88	0.863	0.852
PC-Sal-WT-3M	0.661	0.666	0.669	0.671	0.657	0.654	0.653	0.698	0.704	0.701	0.688	0.675	0.697	0.646	0.682	0.712	0.696	0.704	0.705	0.703	0.702	0.693	0.671	0.708	0.699	0.699	0.7	0.706	0.696	0.717	0.7	0.883	0.895	1	0.912	0.9	0.907	0.893	0.853	0.884	0.858	0.883	0.853	0.844	0.882	0.849	0.858	0.847	0.844	0.856	0.851	0.851	0.872	0.891	0.863	0.866	0.901	0.86	0.9	0.883	0.871	0.862
PC-Sal-WT-4M	0.648	0.654	0.657	0.659	0.643	0.643	0.637	0.692	0.696	0.687	0.673	0.662	0.69	0.629	0.675	0.704	0.685	0.697	0.689	0.695	0.697	0.683	0.655	0.7	0.69	0.686	0.694	0.696	0.686	0.708	0.693	0.899	0.903	0.912	1	0.905	0.913	0.901	0.867	0.892	0.862	0.888	0.861	0.858	0.892	0.852	0.862	0.859	0.856	0.873	0.859	0.862	0.876	0.897	0.869	0.877	0.904	0.867	0.908	0.891	0.879	0.868
PC-Sal-KO-1F	0.644	0.654	0.653	0.659	0.642	0.637	0.637	0.681	0.68	0.679	0.665	0.651	0.676	0.623	0.661	0.694	0.68	0.685	0.68	0.685	0.689	0.676	0.655	0.692	0.68	0.69	0.684	0.691	0.677	0.696	0.677	0.896	0.913	0.9	0.905	1	0.913	0.915	0.859	0.887	0.85	0.89	0.852	0.846	0.884	0.843	0.85	0.849	0.843	0.863	0.845	0.852	0.86	0.896	0.856	0.868	0.912	0.859	0.912	0.886	0.866	0.853
PC-Sal-KO-2F	0.648	0.659	0.657	0.661	0.647	0.645	0.641	0.688	0.692	0.688	0.674	0.663	0.684	0.631	0.67	0.699	0.685	0.697	0.69	0.69	0.695	0.682	0.66	0.699	0.689	0.693	0.693	0.7	0.688	0.708	0.69	0.899	0.912	0.907	0.913	0.913	1	0.909	0.865	0.891	0.857	0.89	0.856	0.851	0.885	0.848	0.855	0.849	0.85	0.866	0.851	0.858	0.87	0.897	0.866	0.868	0.909	0.861	0.914	0.889	0.871	0.862
PC-Sal-KO-3F	0.648	0.653	0.655	0.663	0.649	0.648	0.64	0.681	0.683	0.679	0.669	0.656	0.677	0.628	0.667	0.691	0.681	0.69	0.682	0.685	0.692	0.678	0.658	0.69	0.683	0.693	0.686	0.692	0.678	0.693	0.682	0.893	0.914	0.893	0.901	0.915	0.909	1	0.852	0.88	0.846	0.881	0.85	0.84	0.882	0.836	0.84	0.846	0.841	0.855	0.835	0.846	0.855	0.886	0.851	0.866	0.899	0.855	0.907	0.875	0.857	0.844
PC-LPS-WT-10F	0.579	0.589	0.583	0.591	0.575	0.573	0.565	0.643	0.636	0.634	0.615	0.602	0.63	0.559	0.619	0.647	0.628	0.646	0.632	0.641	0.65	0.625	0.586	0.643	0.631	0.626	0.64	0.642	0.623	0.652	0.636	0.88	0.864	0.853	0.867	0.859	0.865	0.852	1	0.912	0.912	0.899	0.918	0.916	0.883	0.904	0.899	0.912	0.919	0.921	0.901	0.92	0.909	0.883	0.92	0.925	0.871	0.919	0.895	0.905	0.908	0.901
PC-LPS-WT-11F	0.607	0.619	0.613	0.619	0.602	0.603	0.598	0.662	0.658	0.659	0.64	0.625	0.655	0.59	0.643	0.67	0.652	0.665	0.659	0.662	0.667	0.647	0.615	0.666	0.656	0.652	0.662	0.665	0.645	0.674	0.658	0.896	0.888	0.884	0.892	0.887	0.891	0.88	0.912	1	0.905	0.911	0.903	0.897	0.898	0.897	0.895	0.903	0.902	0.909	0.895	0.906	0.907	0.899	0.911	0.917	0.894	0.91	0.914	0.913	0.907	0.9
PC-LPS-WT-12F	0.591	0.61	0.595	0.601	0.586	0.586	0.579	0.648	0.645	0.646	0.627	0.614	0.642	0.571	0.628	0.659	0.637	0.65	0.641	0.651	0.652	0.635	0.601	0.655	0.644	0.636	0.645	0.648	0.633	0.66	0.643	0.869	0.855	0.858	0.862	0.85	0.857	0.846	0.912	0.905	1	0.898	0.922	0.91	0.88	0.913	0.909	0.909	0.916	0.922	0.909	0.919	0.916	0.885	0.921	0.912	0.868	0.916	0.883	0.906	0.912	0.911
PC-LPS-WT-5F	0.617	0.63	0.622	0.628	0.615	0.614	0.608	0.661	0.663	0.667	0.643	0.631	0.661	0.601	0.648	0.67	0.661	0.671	0.663	0.669	0.674	0.649	0.628	0.673	0.663	0.661	0.667	0.667	0.654	0.678	0.664	0.893	0.887	0.883	0.888	0.89	0.89	0.881	0.899	0.911	0.898	1	0.902	0.894	0.901	0.894	0.893	0.898	0.893	0.905	0.895	0.9	0.903	0.905	0.905	0.906	0.9	0.902	0.905	0.911	0.904	0.896
PC-LPS-WT-6F	0.59	0.609	0.598	0.604	0.59	0.588	0.581	0.648	0.647	0.643	0.628	0.613	0.642	0.57	0.629	0.657	0.636	0.652	0.643	0.654	0.657	0.635	0.601	0.654	0.646	0.637	0.649	0.65	0.633	0.663	0.646	0.866	0.859	0.853	0.861	0.852	0.856	0.85	0.918	0.903	0.922	0.902	1	0.917	0.877	0.917	0.911	0.917	0.925	0.922	0.915	0.925	0.917	0.886	0.923	0.92	0.864	0.921	0.881	0.906	0.915	0.914
PC-LPS-WT-11M	0.588	0.604	0.592	0.601	0.584	0.583	0.571	0.654	0.646	0.639	0.625	0.615	0.644	0.567	0.633	0.661	0.635	0.658	0.64	0.653	0.658	0.638	0.596	0.653	0.64	0.633	0.65	0.647	0.636	0.661	0.645	0.876	0.85	0.844	0.858	0.846	0.851	0.84	0.916	0.897	0.91	0.894	0.917	1	0.886	0.912	0.905	0.913	0.917	0.917	0.91	0.918	0.913	0.884	0.924	0.915	0.861	0.916	0.882	0.904	0.911	0.906
PC-LPS-WT-1M	0.629	0.641	0.632	0.64	0.629	0.628	0.614	0.691	0.675	0.674	0.658	0.652	0.673	0.61	0.669	0.691	0.675	0.685	0.671	0.683	0.693	0.675	0.639	0.682	0.676	0.667	0.684	0.674	0.67	0.687	0.678	0.911	0.881	0.882	0.892	0.884	0.885	0.882	0.883	0.898	0.88	0.901	0.877	0.886	1	0.877	0.886	0.885	0.877	0.888	0.877	0.88	0.89	0.906	0.892	0.896	0.897	0.883	0.903	0.904	0.897	0.888
PC-LPS-WT-8M	0.597	0.614	0.608	0.616	0.597	0.596	0.589	0.659	0.654	0.655	0.636	0.625	0.651	0.585	0.643	0.664	0.648	0.659	0.652	0.659	0.662	0.644	0.613	0.659	0.65	0.641	0.653	0.659	0.645	0.665	0.652	0.859	0.842	0.849	0.852	0.843	0.848	0.836	0.904	0.897	0.913	0.894	0.917	0.912	0.877	1	0.916	0.917	0.916	0.91	0.92	0.918	0.919	0.886	0.92	0.909	0.857	0.914	0.874	0.907	0.921	0.921
PC-LPS-WT-9M	0.617	0.631	0.625	0.631	0.614	0.615	0.605	0.672	0.67	0.674	0.651	0.636	0.67	0.6	0.658	0.682	0.666	0.68	0.671	0.677	0.68	0.662	0.627	0.678	0.669	0.662	0.672	0.67	0.66	0.689	0.67	0.869	0.848	0.858	0.862	0.85	0.855	0.84	0.899	0.895	0.909	0.893	0.911	0.905	0.886	0.916	1	0.905	0.91	0.908	0.915	0.91	0.921	0.9	0.919	0.901	0.868	0.908	0.882	0.914	0.925	0.921
PC-LPS-Het-10F	0.591	0.604	0.594	0.601	0.587	0.584	0.582	0.65	0.647	0.65	0.628	0.616	0.642	0.573	0.635	0.656	0.639	0.65	0.643	0.65	0.655	0.64	0.6	0.653	0.644	0.63	0.648	0.65	0.634	0.659	0.645	0.874	0.848	0.847	0.859	0.849	0.849	0.846	0.912	0.903	0.909	0.898	0.917	0.913	0.885	0.917	0.905	1	0.922	0.919	0.91	0.916	0.911	0.877	0.917	0.926	0.864	0.917	0.88	0.901	0.914	0.912
PC-LPS-Het-6F	0.588	0.598	0.59	0.598	0.586	0.582	0.576	0.645	0.643	0.642	0.628	0.609	0.639	0.569	0.629	0.652	0.634	0.649	0.637	0.645	0.651	0.632	0.593	0.649	0.642	0.625	0.643	0.644	0.627	0.654	0.639	0.868	0.845	0.844	0.856	0.843	0.85	0.841	0.919	0.902	0.916	0.893	0.925	0.917	0.877	0.916	0.91	0.922	1	0.923	0.912	0.928	0.915	0.876	0.918	0.919	0.855	0.917	0.871	0.901	0.913	0.908
PC-LPS-Het-9F	0.592	0.608	0.596	0.603	0.591	0.586	0.578	0.654	0.65	0.646	0.631	0.613	0.646	0.571	0.635	0.663	0.641	0.657	0.641	0.657	0.66	0.641	0.6	0.657	0.646	0.637	0.652	0.651	0.639	0.664	0.647	0.885	0.865	0.856	0.873	0.863	0.866	0.855	0.921	0.909	0.922	0.905	0.922	0.917	0.888	0.91	0.908	0.919	0.923	1	0.909	0.925	0.915	0.889	0.921	0.921	0.875	0.921	0.894	0.911	0.914	0.911
PC-LPS-Het-3M	0.607	0.621	0.611	0.618	0.602	0.604	0.592	0.659	0.66	0.659	0.64	0.625	0.658	0.591	0.647	0.669	0.656	0.663	0.657	0.666	0.663	0.649	0.615	0.667	0.655	0.648	0.662	0.661	0.646	0.671	0.66	0.857	0.842	0.851	0.859	0.845	0.851	0.835	0.901	0.895	0.909	0.895	0.915	0.91	0.877	0.92	0.915	0.91	0.912	0.909	1	0.913	0.918	0.887	0.92	0.907	0.856	0.914	0.872	0.907	0.918	0.915
PC-LPS-Het-4M	0.591	0.602	0.595	0.602	0.588	0.584	0.577	0.643	0.645	0.641	0.624	0.609	0.639	0.568	0.626	0.655	0.634	0.652	0.636	0.651	0.655	0.631	0.597	0.651	0.637	0.637	0.648	0.648	0.632	0.661	0.644	0.873	0.86	0.851	0.862	0.852	0.858	0.846	0.92	0.906	0.919	0.9	0.925	0.918	0.88	0.918	0.91	0.916	0.928	0.925	0.913	1	0.914	0.886	0.922	0.915	0.866	0.924	0.883	0.907	0.914	0.906
PC-LPS-Het-5M	0.613	0.626	0.622	0.628	0.611	0.61	0.604	0.669	0.669	0.669	0.648	0.633	0.668	0.598	0.654	0.68	0.66	0.675	0.666	0.676	0.674	0.657	0.624	0.676	0.669	0.66	0.669	0.669	0.657	0.684	0.669	0.877	0.862	0.872	0.876	0.86	0.87	0.855	0.909	0.907	0.916	0.903	0.917	0.913	0.89	0.919	0.921	0.911	0.915	0.915	0.918	0.914	1	0.903	0.921	0.912	0.879	0.914	0.894	0.922	0.93	0.924
PC-LPS-Het-7M	0.642	0.655	0.654	0.659	0.643	0.642	0.633	0.697	0.692	0.692	0.675	0.661	0.693	0.625	0.678	0.707	0.69	0.7	0.692	0.698	0.702	0.686	0.656	0.701	0.69	0.691	0.697	0.699	0.685	0.708	0.695	0.902	0.887	0.891	0.897	0.896	0.897	0.886	0.883	0.899	0.885	0.905	0.886	0.884	0.906	0.886	0.9	0.877	0.876	0.889	0.887	0.886	0.903	1	0.897	0.888	0.906	0.888	0.913	0.919	0.909	0.902
PC-LPS-Het-8M	0.598	0.613	0.606	0.613	0.596	0.596	0.585	0.658	0.658	0.655	0.634	0.623	0.653	0.583	0.641	0.668	0.649	0.665	0.656	0.661	0.666	0.644	0.61	0.663	0.653	0.643	0.658	0.657	0.644	0.674	0.657	0.881	0.863	0.863	0.869	0.856	0.866	0.851	0.92	0.911	0.921	0.905	0.923	0.924	0.892	0.92	0.919	0.917	0.918	0.921	0.92	0.922	0.921	0.897	1	0.92	0.875	0.922	0.897	0.916	0.926	0.92
PC-LPS-KO-12F	0.592	0.603	0.597	0.604	0.588	0.588	0.581	0.654	0.653	0.651	0.632	0.616	0.645	0.576	0.638	0.658	0.647	0.659	0.649	0.652	0.659	0.643	0.602	0.656	0.647	0.632	0.652	0.657	0.639	0.662	0.648	0.886	0.868	0.866	0.877	0.868	0.868	0.866	0.925	0.917	0.912	0.906	0.92	0.915	0.896	0.909	0.901	0.926	0.919	0.921	0.907	0.915	0.912	0.888	0.92	1	0.882	0.918	0.901	0.911	0.917	0.909
PC-LPS-KO-13F	0.638	0.646	0.645	0.648	0.631	0.631	0.628	0.683	0.678	0.681	0.662	0.648	0.676	0.617	0.663	0.695	0.68	0.69	0.682	0.685	0.693	0.674	0.648	0.689	0.681	0.683	0.682	0.688	0.676	0.696	0.678	0.906	0.902	0.901	0.904	0.912	0.909	0.899	0.871	0.894	0.868	0.9	0.864	0.861	0.897	0.857	0.868	0.864	0.855	0.875	0.856	0.866	0.879	0.906	0.875	0.882	1	0.872	0.919	0.902	0.883	0.874
PC-LPS-KO-8F	0.595	0.608	0.6	0.606	0.588	0.588	0.582	0.651	0.65	0.649	0.627	0.616	0.645	0.576	0.632	0.658	0.641	0.655	0.646	0.658	0.659	0.636	0.602	0.659	0.646	0.641	0.652	0.654	0.636	0.663	0.647	0.875	0.862	0.86	0.867	0.859	0.861	0.855	0.919	0.91	0.916	0.902	0.921	0.916	0.883	0.914	0.908	0.917	0.917	0.921	0.914	0.924	0.914	0.888	0.922	0.918	0.872	1	0.888	0.905	0.915	0.911
PC-LPS-KO-9F	0.628	0.638	0.637	0.642	0.624	0.624	0.616	0.688	0.678	0.679	0.659	0.645	0.672	0.608	0.663	0.695	0.678	0.689	0.674	0.683	0.692	0.674	0.639	0.689	0.678	0.678	0.684	0.686	0.673	0.695	0.679	0.918	0.908	0.9	0.908	0.912	0.914	0.907	0.895	0.914	0.883	0.905	0.881	0.882	0.903	0.874	0.882	0.88	0.871	0.894	0.872	0.883	0.894	0.913	0.897	0.901	0.919	0.888	1	0.915	0.901	0.888
PC-LPS-KO-10M	0.617	0.627	0.626	0.632	0.613	0.612	0.604	0.674	0.668	0.672	0.65	0.634	0.667	0.599	0.657	0.689	0.666	0.679	0.671	0.678	0.682	0.662	0.628	0.679	0.667	0.665	0.672	0.677	0.663	0.688	0.671	0.899	0.88	0.883	0.891	0.886	0.889	0.875	0.905	0.913	0.906	0.911	0.906	0.904	0.904	0.907	0.914	0.901	0.901	0.911	0.907	0.907	0.922	0.919	0.916	0.911	0.902	0.905	0.915	1	0.923	0.92
PC-LPS-KO-11M	0.615	0.63	0.625	0.63	0.614	0.615	0.605	0.675	0.673	0.675	0.657	0.64	0.673	0.598	0.663	0.686	0.67	0.684	0.671	0.677	0.681	0.666	0.63	0.681	0.673	0.66	0.676	0.677	0.665	0.689	0.676	0.886	0.863	0.871	0.879	0.866	0.871	0.857	0.908	0.907	0.912	0.904	0.915	0.911	0.897	0.921	0.925	0.914	0.913	0.914	0.918	0.914	0.93	0.909	0.926	0.917	0.883	0.915	0.901	0.923	1	0.93
PC-LPS-KO-14M	0.614	0.627	0.624	0.629	0.61	0.61	0.604	0.674	0.673	0.677	0.653	0.638	0.67	0.6	0.661	0.685	0.665	0.681	0.673	0.673	0.68	0.663	0.629	0.679	0.674	0.659	0.672	0.677	0.661	0.689	0.671	0.875	0.852	0.862	0.868	0.853	0.862	0.844	0.901	0.9	0.911	0.896	0.914	0.906	0.888	0.921	0.921	0.912	0.908	0.911	0.915	0.906	0.924	0.902	0.92	0.909	0.874	0.911	0.888	0.92	0.93	1
