Sample	0	1	10
MG-Sal-WT-1F	48096	32486	10743
MG-Sal-WT-2F	49167	33040	11141
MG-Sal-WT-3M	50107	32571	11144
MG-Sal-WT-4M	48819	32061	11024
MG-Sal-KO-1F	48920	33440	11279
MG-Sal-KO-2F	48456	32918	11010
MG-Sal-KO-3F	49369	34670	11933
MG-LPS-WT-10F	48339	29436	 9231
MG-LPS-WT-11F	48232	31877	10546
MG-LPS-WT-12F	50559	33123	10966
MG-LPS-WT-5F	48758	32976	11042
MG-LPS-WT-6F	48481	33325	11161
MG-LPS-WT-11M	49737	33116	11016
MG-LPS-WT-1M	48686	34094	11490
MG-LPS-WT-8M	48386	31900	10453
MG-LPS-WT-9M	47796	30499	10018
MG-LPS-Het-10F	50709	32003	10545
MG-LPS-Het-6F	49600	30624	10139
MG-LPS-Het-9F	49626	33295	11402
MG-LPS-Het-3M	52033	32661	10723
MG-LPS-Het-4M	48965	29972	 9836
MG-LPS-Het-5M	49579	31415	10212
MG-LPS-Het-7M	48744	32370	10904
MG-LPS-Het-8M	49104	31431	10627
MG-LPS-KO-12F	49135	32350	10764
MG-LPS-KO-13F	46956	29991	10316
MG-LPS-KO-8F	49189	31466	10413
MG-LPS-KO-9F	48131	31582	10781
MG-LPS-KO-10M	49677	31811	10442
MG-LPS-KO-11M	48968	31179	10389
MG-LPS-KO-14M	48016	32039	10645
PC-Sal-WT-1F	41281	21259	 7495
PC-Sal-WT-2F	45550	27093	 9745
PC-Sal-WT-3M	47467	28371	 9538
PC-Sal-WT-4M	46084	26558	 9303
PC-Sal-KO-1F	45450	26842	 9461
PC-Sal-KO-2F	43913	25541	 9317
PC-Sal-KO-3F	46426	26714	 9412
PC-LPS-WT-10F	46695	25945	 9267
PC-LPS-WT-11F	47559	26660	 9295
PC-LPS-WT-12F	45329	24335	 8477
PC-LPS-WT-5F	47742	28252	10001
PC-LPS-WT-6F	49039	26874	 9244
PC-LPS-WT-11M	46020	24610	 8488
PC-LPS-WT-1M	47569	23934	 7521
PC-LPS-WT-8M	45353	24869	 8325
PC-LPS-WT-9M	44280	24311	 8321
PC-LPS-Het-10F	50083	26380	 8584
PC-LPS-Het-6F	50621	25584	 8565
PC-LPS-Het-9F	47394	25235	 8785
PC-LPS-Het-3M	44241	24763	 8335
PC-LPS-Het-4M	46760	25418	 8886
PC-LPS-Het-5M	48198	25783	 9143
PC-LPS-Het-7M	43723	24567	 9145
PC-LPS-Het-8M	45221	24420	 8624
PC-LPS-KO-12F	52980	27937	 9616
PC-LPS-KO-13F	45698	25939	 9125
PC-LPS-KO-8F	46256	25621	 8692
PC-LPS-KO-9F	46250	23348	 8574
PC-LPS-KO-10M	46801	24992	 9193
PC-LPS-KO-11M	47298	24325	 8728
PC-LPS-KO-14M	46416	24882	 8773
