Sample	0	1	10
MG-Sal-WT-1F	17633	12706	8046
MG-Sal-WT-2F	17857	12687	8158
MG-Sal-WT-3M	18028	12451	8215
MG-Sal-WT-4M	17571	12363	8107
MG-Sal-KO-1F	17783	12730	8091
MG-Sal-KO-2F	17736	12702	8093
MG-Sal-KO-3F	17986	12982	8437
MG-LPS-WT-10F	17786	12013	7278
MG-LPS-WT-11F	17441	12377	7984
MG-LPS-WT-12F	18201	12606	8192
MG-LPS-WT-5F	17790	12653	8112
MG-LPS-WT-6F	17572	12727	7942
MG-LPS-WT-11M	17914	12587	8097
MG-LPS-WT-1M	17798	12966	8328
MG-LPS-WT-8M	17882	12558	7830
MG-LPS-WT-9M	17435	12092	7673
MG-LPS-Het-10F	18218	12393	7996
MG-LPS-Het-6F	17884	12184	7753
MG-LPS-Het-9F	17862	12593	8246
MG-LPS-Het-3M	19098	12753	7930
MG-LPS-Het-4M	17876	12124	7457
MG-LPS-Het-5M	17940	12373	7767
MG-LPS-Het-7M	17851	12553	8131
MG-LPS-Het-8M	17643	12221	7958
MG-LPS-KO-12F	17694	12404	7965
MG-LPS-KO-13F	17188	12051	7819
MG-LPS-KO-8F	17810	12224	7680
MG-LPS-KO-9F	17442	12306	8120
MG-LPS-KO-10M	18085	12463	7929
MG-LPS-KO-11M	17897	12294	7866
MG-LPS-KO-14M	17508	12402	7889
PC-Sal-WT-1F	17215	11562	6334
PC-Sal-WT-2F	17642	12546	7954
PC-Sal-WT-3M	18120	12681	7841
PC-Sal-WT-4M	17948	12511	7683
PC-Sal-KO-1F	17615	12491	7772
PC-Sal-KO-2F	17373	12349	7676
PC-Sal-KO-3F	17811	12470	7825
PC-LPS-WT-10F	18055	12340	7582
PC-LPS-WT-11F	18215	12392	7728
PC-LPS-WT-12F	17924	12016	7013
PC-LPS-WT-5F	18140	12617	7947
PC-LPS-WT-6F	18435	12215	7413
PC-LPS-WT-11M	17939	11938	6841
PC-LPS-WT-1M	18481	11901	6391
PC-LPS-WT-8M	17533	11811	6758
PC-LPS-WT-9M	17236	11689	6766
PC-LPS-Het-10F	19009	12238	7142
PC-LPS-Het-6F	19070	12038	7102
PC-LPS-Het-9F	18249	12129	7218
PC-LPS-Het-3M	17185	11829	6769
PC-LPS-Het-4M	17858	12014	7196
PC-LPS-Het-5M	18226	12047	7296
PC-LPS-Het-7M	17202	11913	7297
PC-LPS-Het-8M	17666	11901	7056
PC-LPS-KO-12F	19632	12616	7853
PC-LPS-KO-13F	17785	12372	7532
PC-LPS-KO-8F	17860	12127	7225
PC-LPS-KO-9F	18095	11868	7116
PC-LPS-KO-10M	18174	12155	7400
PC-LPS-KO-11M	18133	11826	7090
PC-LPS-KO-14M	17648	11798	7035
